0.0183294 0.0218577 1988.51 249345 5.93449 7.6113e-05 21378.1 1.63814e-06 300.216 2.00096e-06 356.78 sn vit
0.0102201 0.0118576 4603.32 805055 6.75909 9.48466e-05 22583.7 1.08272e-06 180.244 1.22795e-06 216.098 cn vit
0.0239871 0.0304162 2653.51 250679 5.78378 8.71392e-05 21336.7 1.77133e-06 361.827 2.23582e-06 453.185 cn vit
0.0136941 0.0161532 4322.95 801044 6.56062 9.90109e-05 23285.6 1.30753e-06 295.21 1.49799e-06 358.696 sn vit
0.00293634 0.00392322 5933.61 961830 49.7623 8.2029e-05 24756.2 2.17238e-07 40.3777 2.9169e-07 53.5492 sn ac
0.0094906 0.0108408 6767.34 1.16039e+06 9.60574 8.47126e-05 23265 8.96362e-07 153.488 1.00626e-06 176.846 cn vit
0.00426159 0.00490189 8668.09 1.364e+06 17.0129 7.52731e-05 27261.1 3.01713e-07 70.1509 3.44702e-07 80.6631 sn vit
0.00443562 0.00537065 11422.7 1.77183e+06 23.0494 6.94389e-05 28379.1 2.98254e-07 77.1031 3.58929e-07 93.742 cn vit
0.0221114 0.0287314 19579.2 2.042e+06 6.38907 5.27788e-05 35429.3 5.36706e-07 982.232 6.89146e-07 1284.74 sn hid
0.00374466 0.00445485 14849.9 2.29513e+06 22.9326 6.54338e-05 29572.9 3.51524e-07 59.6495 4.04389e-07 72.5947 sn vit
0.00288831 0.00352194 11941 1.76734e+06 30.3418 6.56881e-05 29784.6 1.95203e-07 50.239 2.3526e-07 61.7607 sn vit
0.00516378 0.00609762 13060.3 2.05045e+06 14.0243 6.81998e-05 28925 4.54336e-07 96.9784 5.2133e-07 116.859 cn vit
0.002516 0.00317043 5532.33 898276 44.8311 7.7536e-05 26249.8 1.33399e-07 52.3795 1.68804e-07 65.1836 cn ac
0.00158319 0.00203469 6547.57 988987 83.2806 7.36825e-05 28231.2 9.22914e-08 27.832 1.18228e-07 35.7784 sn ac
0.00710231 0.00841156 8367.55 1.47081e+06 9.28909 8.27306e-05 25521.2 6.35595e-07 149.183 7.4163e-07 179.572 sn vit
0.00800395 0.00905461 3199.38 493237 8.57801 7.99468e-05 23023.2 6.17976e-07 139.682 7.01485e-07 157.671 sn vit
0.0143755 0.016505 1283.78 159820 6.13853 6.19006e-05 24239.5 9.82948e-07 247.944 1.12043e-06 285.372 sn vit
0.0131744 0.0166106 837.362 108513 8.09954 6.85488e-05 23647.2 1.23153e-06 210.162 1.55425e-06 261.904 sn vit
0.0203075 0.0250865 1272.81 139104 6.17871 7.88224e-05 21919.6 1.56772e-06 313.441 1.96133e-06 383.24 sn ac
0.0238569 0.029279 9239.12 723924 5.94282 3.674e-05 32121.6 8.40176e-07 775.419 1.02302e-06 953.731 sn vit
0.0235081 0.0286063 4288.4 294451 5.39401 3.56766e-05 29978.5 9.04903e-07 628.276 1.09392e-06 768.628 sn vit
0.0130869 0.0164444 6481.26 462101 8.3304 3.42353e-05 31735 4.28157e-07 409.16 5.35528e-07 515.891 cn vit
0.0165902 0.0203099 7475.18 521697 6.52663 3.43904e-05 31243.1 5.56389e-07 508.215 6.75269e-07 626.354 cn vit
0.00847107 0.00998271 9909.73 828732 9.47072 3.50765e-05 31584.8 2.84389e-07 270.673 3.31099e-07 321.149 sn vit
0.00781958 0.00925668 8711.42 679240 11.631 3.4748e-05 31515.1 2.5066e-07 251.707 2.9523e-07 298.848 sn vit
0.00780991 0.00981672 7379.25 592462 16.2416 3.49272e-05 31721.7 2.60141e-07 237.934 3.27831e-07 298.256 cn vit
0.00551687 0.0068969 2939.9 216858 22.5114 3.56727e-05 31949.1 1.79951e-07 176.101 2.24913e-07 219.174 sn ac
0.00921542 0.0123499 7059.18 537564 15.6673 3.51201e-05 31717.6 2.98779e-07 288.871 3.99241e-07 387.565 cn ac
0.00693508 0.0089625 7437.01 590465 20.7545 3.53409e-05 31464.5 2.37016e-07 206.451 3.06863e-07 266.031 cn ac
0.00316914 0.00411515 4141.9 336013 47.3557 3.59765e-05 31190.6 1.11127e-07 91.0903 1.43722e-07 118.62 sn ac
0.0076915 0.00925131 15992.7 1.43489e+06 11.408 3.80535e-05 30416 2.96074e-07 231.787 3.48177e-07 281.786 cn vit
0.00236919 0.00273784 15717.3 1.46736e+06 30.2144 3.67786e-05 30838.7 1.03259e-07 61.2866 1.17896e-07 71.3448 sn vit
0.00296968 0.00393069 13448 1.10278e+06 50.8188 3.49652e-05 31492.2 1.04604e-07 85.627 1.38367e-07 113.08 sn ac
0.00387563 0.00521938 14830.6 1.16068e+06 39.2597 3.48533e-05 31399.8 1.26126e-07 119.864 1.69852e-07 161.279 cn ac
0.00309549 0.00374294 24885.9 2.32303e+06 26.3449 3.79048e-05 30235.7 1.40523e-07 84.7769 1.65089e-07 104.131 sn vit
0.00303539 0.0040801 19852.2 1.65983e+06 47.0922 3.59362e-05 30560.9 1.11292e-07 84.2824 1.49297e-07 113.343 sn ac
0.00662685 0.0085975 16925.8 1.47121e+06 11.6916 3.57023e-05 31174.6 2.14417e-07 226.547 2.506e-07 271.979 cn vit
0.00163442 0.0019022 14469.9 1.19825e+06 42.9406 3.57506e-05 30877.5 6.01632e-08 50.8059 6.90759e-08 59.375 sn vit
0.00809434 0.0103668 8518.47 664958 16.1352 3.49392e-05 31375.3 2.42458e-07 275.734 3.09877e-07 353.405 cn vit
0.00579476 0.007309 11007.1 883019 20.9357 3.54027e-05 31028.1 1.77102e-07 193.406 2.22578e-07 244.504 cn vit
0.00384796 0.00484975 8438.23 703005 31.9953 3.5928e-05 30752.6 1.29806e-07 118.479 1.62927e-07 149.615 sn vit
0.00760769 0.00923435 10748.8 888126 11.6819 3.60222e-05 30691.4 2.50164e-07 242.853 2.99047e-07 298.095 cn vit
0.0171761 0.0210115 10219.1 794913 5.89003 3.57257e-05 30619.8 6.11996e-07 508.387 7.42886e-07 623.51 cn vit
0.0136137 0.0165031 7867.13 619258 7.26375 3.64077e-05 30200.5 4.83907e-07 401 5.78274e-07 491.787 cn vit
0.0218959 0.0280871 5769.64 441933 5.1938 3.88506e-05 28143.4 9.05413e-07 563.224 1.15792e-06 719.564 sn vit
0.0232381 0.0276143 7234.55 529064 6.06837 3.83371e-05 28197.4 8.7789e-07 648.128 1.0316e-06 776.451 cn vit
0.0288796 0.0369988 3829.44 175982 5.75226 3.83027e-05 27648.2 1.06641e-06 793.323 1.36252e-06 1017.32 sn vit
0.0115741 0.0149023 6138.33 416625 12.6336 3.57774e-05 30083.9 3.82148e-07 356.49 4.9213e-07 458.361 cn ac
0.0155662 0.0186407 10916 989238 6.01524 3.66349e-05 31200.7 5.40221e-07 509.892 6.40401e-07 612.619 sn vit
0.00884775 0.0119575 6612.87 475123 16.4805 3.6133e-05 29974.9 2.85728e-07 278.804 3.84826e-07 377.308 sn ac
0.00445136 0.00602305 7804.73 599488 33.2806 3.57961e-05 30598.3 1.36898e-07 145.305 1.85461e-07 196.246 sn ac
0.00491499 0.0065085 7505.03 593332 28.9346 3.59428e-05 30669.3 1.48224e-07 164.711 1.96352e-07 217.828 cn ac
0.00721458 0.00969262 6863.73 504257 20.5919 3.58461e-05 30206.6 2.15501e-07 244.297 2.89734e-07 327.788 cn ac
0.0297435 0.0399046 4128.78 209061 5.76317 3.74912e-05 28314 1.0455e-06 856.511 1.4016e-06 1148.8 cn ac
0.011735 0.0141431 8091.63 693847 6.89237 3.55783e-05 31148 3.87237e-07 390.392 4.60372e-07 472.259 sn vit
0.0067556 0.0092681 7080.76 524643 21.38 3.62314e-05 29971.1 2.04638e-07 227.343 2.81907e-07 310.816 cn ac
0.00233256 0.00267561 6705.21 527441 39.6093 3.63349e-05 30040.9 7.64093e-08 74.7624 8.74533e-08 85.7433 sn vit
0.0158988 0.0208099 8823.69 553739 12.0628 3.59309e-05 29795.8 5.43989e-07 472.742 7.09246e-07 620.554 sn vit
0.00882449 0.0101647 10079.1 850545 9.5473 3.68634e-05 30331.4 3.14971e-07 275.64 3.58389e-07 319.288 sn vit
0.00704781 0.00847041 17277.9 1.60112e+06 10.8817 3.53932e-05 32023.1 2.19525e-07 254.587 2.59807e-07 308.367 cn vit
0.00620365 0.00709228 14936.1 1.27157e+06 11.5829 3.64616e-05 30799.1 2.27865e-07 191.369 2.56792e-07 219.859 sn vit
0.00256322 0.00340985 12773.5 1.01183e+06 54.4677 3.53838e-05 31237.7 8.17415e-08 81.3667 1.08736e-07 108.207 cn ac
0.00771195 0.00920525 10269 790401 13.8139 3.86646e-05 28298.6 3.30701e-07 189.823 3.91072e-07 227.798 cn vit
0.00222477 0.00304662 15221.2 1.29267e+06 69.795 3.62744e-05 30703.2 9.07446e-08 55.0478 1.23996e-07 75.4245 sn ac
0.00228901 0.00283134 15783.7 1.24609e+06 52.219 3.55203e-05 31149.6 7.97778e-08 66.9222 9.85961e-08 82.7983 sn vit
0.00216584 0.00283807 16537.4 1.36685e+06 68.7968 3.56069e-05 31242.6 7.69586e-08 61.6247 1.00765e-07 80.7282 cn ac
0.000995165 0.00127676 16901.1 1.47643e+06 135.898 3.58824e-05 31196.8 4.0228e-08 25.1479 5.153e-08 32.283 sn ac
0.0050783 0.0058836 19388.7 1.6833e+06 14.0107 3.77634e-05 29871.9 2.08971e-07 141.108 2.39475e-07 163.883 sn vit
0.00288438 0.00355819 22965.1 2.03818e+06 40.4035 3.58896e-05 31116 1.11121e-07 77.0558 1.36227e-07 95.5112 sn vit
0.0045325 0.00529262 26872.1 2.32614e+06 15.6767 3.64429e-05 30945.4 1.76768e-07 133.787 2.03242e-07 157.148 cn vit
0.0034754 0.00422931 17706.5 1.4871e+06 22.6167 3.53795e-05 31391.6 1.06498e-07 119.002 1.28031e-07 146.109 cn vit
0.00177373 0.00225753 13621.8 1.1183e+06 73.3876 3.56667e-05 31075.1 5.8011e-08 56.4762 7.35028e-08 72.0118 sn ac
0.00560656 0.00692663 12390.2 1.00211e+06 17.3176 3.54788e-05 31008.6 1.62097e-07 199.811 1.983e-07 248.605 sn vit
0.00778598 0.00937191 12800 1.03218e+06 10.906 3.46443e-05 31507.9 2.34307e-07 273.609 2.78367e-07 331.923 cn vit
0.0125351 0.0154077 12157.9 1.02567e+06 6.72432 3.4244e-05 32051.9 3.89699e-07 437.077 4.72959e-07 540.491 cn vit
0.013724 0.0186523 4615.94 323924 10.4138 3.54499e-05 30145.7 4.20339e-07 452.291 5.70596e-07 614.774 cn ac
0.0249121 0.0297391 6415.58 470226 4.72845 3.71808e-05 29124.1 9.03626e-07 728.567 1.06664e-06 876.465 sn vit
0.0350692 0.138617 2685.55 109840 5.00965 3.74271e-05 27795.4 1.25756e-06 985.655 4.54084e-06 4258.26 sn ac
0.0236775 0.0294834 5748.37 313184 5.96152 3.6413e-05 28763.2 8.00082e-07 713.156 9.90823e-07 891.771 sn vit
0.0394649 0.0527292 21902.1 1.2729e+06 5.40774 3.21795e-05 35572 1.24338e-06 1336.57 1.61971e-06 1758.64 sn hid
0.00740182 0.00877623 5776.19 652671 8.64488 4.64891e-05 30330.4 5.01279e-07 143.859 5.77137e-07 183.673 sn vit
0.0085075 0.00998774 2999.28 314914 8.62607 5.53008e-05 28211.2 6.64846e-07 176.704 7.66685e-07 212.86 sn vit
0.00338815 0.00406497 4127.69 323182 36.4502 3.661e-05 34471.9 1.86307e-07 64.311 2.23916e-07 76.8526 sn vit
0.00448843 0.00560102 5500.3 476490 26.4074 3.91581e-05 33897.8 2.47981e-07 86.9062 3.07302e-07 108.1 sn ac
0.0101145 0.0116521 7762.46 1.11758e+06 8.56826 6.89782e-05 28181.3 9.63366e-07 208.383 1.08725e-06 244.55 cn vit
0.00541519 0.00625854 9675.4 1.51171e+06 11.2485 6.69296e-05 29401.1 5.15587e-07 113.926 5.92706e-07 134.133 sn vit
0.00174385 0.00220057 10813.9 1.51497e+06 74.8802 5.82621e-05 31184.4 1.04078e-07 32.4162 1.30835e-07 40.7754 sn ac
0.00776281 0.00967578 10303.8 1.29874e+06 8.47025 5.84576e-05 33672.4 6.20354e-07 217.051 7.23086e-07 290.72 sn vit
0.002508 0.00321112 12399.6 1.73911e+06 46.6164 5.75486e-05 30988.8 1.34393e-07 50.7046 1.71045e-07 65.0119 cn ac
0.00662217 0.00840806 9314.37 1.01808e+06 19.5272 4.26882e-05 32886.4 2.92002e-07 163.856 3.69539e-07 207.867 sn vit
0.0152639 0.0202382 27849.4 2.90243e+06 9.26379 4.34938e-05 35423.8 4.07922e-07 611.73 5.34864e-07 814.701 sn hid
0.014329 0.0179802 4543.47 409169 8.85721 4.75853e-05 30345 7.19286e-07 302.812 8.98365e-07 379.466 sn vit
0.0174335 0.022274 1795.25 169955 7.98334 5.3902e-05 27447.9 1.2589e-06 259.148 1.6007e-06 332.133 sn vit
0.0147994 0.0236006 1958.12 224154 9.47643 5.23445e-05 24110.3 6.30382e-07 385.072 9.97e-07 618.042 sn atre
0.0126128 0.0269936 3391.52 403679 19.7653 5.51934e-05 23741.5 6.38929e-07 255.331 1.35839e-06 546.261 sn ac
0.0070016 0.0098039 6127.48 756061 12.0365 4.61606e-05 28880.9 2.6439e-07 216.466 3.70373e-07 303.575 sn atre
0.00181577 0.00227778 3359.4 455729 49.163 5.35774e-05 25185.6 6.33709e-08 60.0032 8.17892e-08 74.768 sn atre
0.00537533 0.00733996 7184.49 961164 18.4733 4.72154e-05 28561 1.63136e-07 193.523 2.21098e-07 267.832 sn atre
0.00722391 0.0110952 8155.73 1.02168e+06 14.5005 4.59158e-05 29708.7 2.50186e-07 227.775 3.57857e-07 324.41 sn atre
0.00974677 0.0130617 612.823 70339.3 13.6345 6.03422e-05 21819.8 3.41017e-07 287.88 4.56821e-07 385.097 sn atre
0.00409488 0.00577855 3619.42 484777 26.231 5.22721e-05 25048.5 1.30225e-07 138.811 1.81817e-07 198.792 sn atre
0.00988955 0.0193709 2937.31 358564 17.4869 5.37695e-05 23923.4 4.351e-07 232.457 8.5314e-07 450.396 sn atre
0.00801946 0.0162443 3940.45 510658 25.7682 5.26759e-05 24753.3 3.32265e-07 199.752 6.70364e-07 401.977 sn atre
0.00604737 0.0126513 4285.87 577634 40.4077 5.37519e-05 25329.5 2.24415e-07 167.774 4.63923e-07 355.436 cn ac
0.00516783 0.00950819 5551.31 692634 32.098 4.8243e-05 28166.9 2.56893e-07 113.791 4.67116e-07 207.853 sn atre
0.0161258 0.0330146 4051.04 476160 16.5212 5.53078e-05 23871 8.11956e-07 339.045 1.65565e-06 684.185 sn atre
0.0218443 0.054489 4162.95 419369 17.7376 5.69501e-05 22868 1.39079e-06 347.515 3.47092e-06 863.195 sn ac
0.0110455 0.0288904 4402.27 527446 29.0127 5.85292e-05 23072.9 6.87089e-07 185.995 1.76973e-06 494.737 sn ac
0.000465381 0.000582639 7431.59 874474 244.3 4.86547e-05 28697 1.9862e-08 11.7041 2.46201e-08 14.6956 sn atre
0.00395427 0.0085167 10279.1 1.21011e+06 53.1768 4.73161e-05 28875 1.98596e-07 82.5667 4.27522e-07 175.232 sn atre
0.00183703 0.00277877 14637.7 2.00224e+06 82.0641 4.89287e-05 28231.6 7.80417e-08 44.891 1.1883e-07 67.3047 sn atre
0.000667575 0.00106422 14130.8 1.92627e+06 255.715 4.811e-05 28798.6 2.82001e-08 17.1645 4.41046e-08 28.1929 sn atre
0.00335831 0.00729255 8422.76 968410 71.402 4.93303e-05 28400.4 1.60276e-07 72.8536 3.45561e-07 158.816 sn ac
0.00356988 0.0062304 10589.6 1.33592e+06 42.4454 4.93194e-05 28103 1.79753e-07 80.0996 3.19785e-07 135.612 sn atre
0.00122625 0.00168542 11827.1 1.54394e+06 86.4068 4.89934e-05 28345.8 5.96251e-08 33.7852 7.95238e-08 48.1975 sn atre
0.00384185 0.0076999 8199.64 960617 53.6216 4.96454e-05 28095.2 2.28913e-07 66.6706 4.64431e-07 131.314 sn atre
0.00251276 0.0033559 4647.18 652374 37.3794 5.26496e-05 26182.6 8.83661e-08 79.4923 1.16329e-07 106.827 sn atre
0.00156352 0.00228908 5018.15 690096 69.4432 5.10583e-05 27428.1 5.87478e-08 46.9751 9.30508e-08 65.6425 sn atre
0.00956815 0.0131133 1528.51 203987 14.2915 5.40649e-05 24748.9 3.06552e-07 310.22 4.18936e-07 427.143 sn atre
0.0611505 0.121961 1053.58 74612.5 4.7142 5.97278e-05 20134 3.82806e-06 1045.29 7.47582e-06 2130.16 cn ac
0.0138458 0.0159505 3107.64 418356 5.64253 9.81329e-05 24462.5 1.70172e-06 215.002 1.9377e-06 249.018 sn vit
0.015221 0.0176114 3052.57 482051 6.39553 7.51496e-05 23170 1.01324e-06 302.472 1.15016e-06 355.428 sn vit
0.0160782 0.0209671 1931.46 201140 7.53805 7.81727e-05 24534 1.1161e-06 252.471 1.43633e-06 328.793 sn vit
0.00749455 0.00902463 4128.21 666280 8.81733 7.73005e-05 24434.6 4.41797e-07 172.412 5.0951e-07 215.966 cn vit
0.00854014 0.0104848 4308.25 701869 12.57 8.22769e-05 23936.1 4.06396e-07 203.096 4.93138e-07 253.345 cn vit
0.0162171 0.0467252 2618.32 441824 4.67466 0.000111005 20889.4 1.89358e-06 289.323 3.41351e-06 953.445 sn vit
0.00865442 0.0100903 8441.27 1.17951e+06 9.99649 6.67072e-05 29399.3 7.05806e-07 221.498 8.04091e-07 265.831 sn vit
0.0130946 0.0172356 20148.9 2.79216e+06 10.9641 5.7239e-05 31852.3 3.73306e-07 492.24 4.84963e-07 651.519 sn hid
0.00420052 0.00498197 5489.34 799537 22.3131 6.33439e-05 28742.9 3.13615e-07 84.6731 3.68251e-07 101.887 sn vit
0.00488419 0.0056481 11561 1.97751e+06 15.6135 7.3972e-05 25721.6 4.40358e-07 78.7256 5.06872e-07 91.3114 cn vit
0.00197535 0.00248667 9104.17 1.52985e+06 61.8709 7.10447e-05 26753 1.11807e-07 36.6231 1.40957e-07 45.9582 cn ac
0.00141404 0.0017133 10441.9 1.74412e+06 84.0222 6.91272e-05 27174.2 8.13249e-08 26.2301 9.8115e-08 31.8571 cn ac
0.0129358 0.0171214 20132.4 2.79485e+06 10.6643 5.89552e-05 30144.9 3.67661e-07 480.431 4.83496e-07 637.85 sn hid
0.0097201 0.0112195 4326.41 773192 6.24009 9.4117e-05 22579.1 8.96604e-07 188.516 1.01448e-06 226.161 cn vit
0.00714009 0.00887399 4583.58 738199 14.5863 7.68615e-05 24095.6 4.99359e-07 125.864 6.23891e-07 155.6 sn vit
0.00610686 0.00686808 5451.3 945014 9.88738 8.59921e-05 23650 6.54023e-07 113.065 7.50685e-07 128.526 sn vit
0.0283688 0.0471946 2025.72 201717 4.52467 6.08051e-05 23758.5 1.72681e-06 521.054 2.69018e-06 905.998 sn vit
0.00894507 0.0102446 2763.65 441129 7.0046 8.54157e-05 24445.3 7.58132e-07 175.825 8.56544e-07 202.507 sn vit
0.0189553 0.0231294 2810.95 283313 6.65898 6.97794e-05 23018.4 1.23582e-06 317.267 1.49862e-06 387.266 sn vit
0.00925959 0.0109032 4297.39 736475 6.98193 9.2081e-05 23092.3 8.82904e-07 180.937 1.01753e-06 216.164 sn vit
0.037498 0.0586124 440.075 27458 5.2979 3.68963e-05 30710.9 1.19353e-06 1239.81 1.81112e-06 1990.03 sn atre
0.0226446 0.0365231 886.553 40778.8 7.43747 3.60967e-05 30894.4 7.22197e-07 746.583 1.1112e-06 1260.07 sn atre
0.0219764 0.0315011 2462.74 80482.2 8.45386 3.29338e-05 33525.1 6.44878e-07 764.289 9.16533e-07 1103.27 sn atre
0.0152623 0.0244007 2189.52 184998 10.9262 3.95217e-05 29851.3 4.27964e-07 575.701 6.5993e-07 953.113 sn atre
0.0187621 0.0440799 2158.55 180173 14.282 3.97174e-05 29199.1 7.0599e-07 521.964 1.61463e-06 1270.79 cn ac
0.00450001 0.00663641 2290.05 143556 30.5625 3.71837e-05 31974.5 1.25507e-07 167.436 1.82672e-07 250.187 sn atre
0.0120394 0.0249459 2357.41 209802 20.2409 4.069e-05 29554.9 4.88556e-07 310.966 9.78281e-07 670.353 cn ac
0.00433488 0.00576317 3571.18 361210 25.8404 4.0953e-05 30298.4 1.17508e-07 167.481 1.55158e-07 224.017 sn atre
0.0115324 0.0214939 1831.06 123234 18.9344 4.10571e-05 28654.4 4.7635e-07 283.243 8.85588e-07 528.739 sn ac
0.0367204 0.0802616 2058.09 129441 7.22463 4.15368e-05 27641.7 1.62329e-06 849.057 3.5583e-06 1843.05 sn atre
0.0113814 0.0197635 2627.16 232656 18.674 3.88657e-05 29958.8 4.26957e-07 310.759 7.44569e-07 534.323 sn atre
0.00709996 0.0129204 2612.63 244046 21.5766 3.92583e-05 30720.2 1.74382e-07 310.965 2.96117e-07 598.479 sn atre
0.00397218 0.00534697 2334.98 188233 29.7861 3.79623e-05 30726.1 1.05098e-07 154.929 1.39926e-07 210.302 sn atre
0.00481906 0.00711066 2793.1 266927 35.0261 4.13403e-05 30066.5 1.18636e-07 202.278 1.72225e-07 303.248 sn atre
0.00397694 0.0057787 4764 540473 34.0011 4.0916e-05 30200 1.03842e-07 160.275 1.46793e-07 240.272 sn atre
0.0053737 0.0072639 3408.17 296842 27.251 3.64659e-05 32745.1 1.51199e-07 196.338 2.0268e-07 267.079 sn atre
0.00941245 0.0215202 3379.39 338898 28.5585 3.93203e-05 30810.2 3.66729e-07 250.481 8.18907e-07 587.802 cn ac
0.00899833 0.0188222 5077.59 573183 25.6775 4.07107e-05 30046.2 3.27177e-07 252.335 6.8339e-07 525.491 sn atre
0.00599281 0.01238 5524.4 641065 38.8964 4.22101e-05 28863.2 2.27613e-07 165.539 4.52938e-07 357.534 cn ac
0.00168039 0.00223122 7200.79 884268 75.8922 4.18665e-05 29396.5 4.9978e-08 60.8111 6.79069e-08 80.4895 sn atre
0.000770491 0.00117345 4990.46 547902 158.524 4.01544e-05 30990.6 2.35375e-08 26.2049 3.48249e-08 41.1136 sn atre
0.00246418 0.00366235 3759.36 277299 52.07 3.62485e-05 33439.4 8.08129e-08 78.316 1.16536e-07 120.005 sn atre
0.00247992 0.00347744 3899.42 309498 56.9764 3.68389e-05 32865.1 9.4599e-08 67.9492 1.31101e-07 96.5167 sn atre
0.00542335 0.00752409 4796.22 486094 29.6041 4.01955e-05 30651.5 2.47195e-07 129.336 3.40831e-07 181.356 sn atre
0.00495635 0.01029 6249.76 759579 45.619 4.32469e-05 29091.4 2.81988e-07 90.1155 5.96062e-07 182.407 sn atre
0.00229357 0.00432835 8394.11 1.08667e+06 84.9932 4.30289e-05 29148.2 1.44233e-07 37.7443 2.78348e-07 69.2788 sn atre
0.00678261 0.0166073 6580 777083 43.7461 4.15157e-05 29754.4 3.16168e-07 147.267 7.744e-07 358.762 sn atre
0.00361682 0.00868713 9061.84 1.15527e+06 67.5176 4.18771e-05 29599.2 1.61263e-07 83.9249 3.85964e-07 200.197 sn atre
0.000867584 0.00158349 9404.28 1.22083e+06 241.558 4.18425e-05 29671.3 5.53968e-08 13.9311 1.0114e-07 25.4037 sn ac
0.000740143 0.00100708 9364.21 1.20754e+06 135.891 4.15894e-05 29797.5 2.28817e-08 25.1955 3.07625e-08 34.6078 sn atre
0.00248367 0.00516337 8548.42 1.03924e+06 96.5765 4.16576e-05 29240.7 1.10259e-07 56.2836 2.30479e-07 116.285 sn ac
0.00120211 0.00162266 6241.99 753621 116.131 4.18791e-05 29245.1 3.71813e-08 40.5517 5.00693e-08 54.5726 sn atre
0.00236081 0.00324515 5943.08 701211 44.3794 4.14216e-05 29467.3 7.35061e-08 86.1009 1.03424e-07 116.206 sn atre
0.00815888 0.0187836 4898.84 526774 32.0081 4.07077e-05 30051.1 2.82001e-07 237.363 6.50672e-07 544.353 sn atre
0.0399705 0.089469 2164.68 80404.3 7.48197 3.51162e-05 31339.1 1.48001e-06 1086.52 3.31226e-06 2429.99 sn ac
0.044217 0.0983627 2182.96 103595 6.07323 3.6559e-05 29956.8 1.71888e-06 1161.13 3.81104e-06 2573.64 sn atre
0.00813294 0.0187732 4156.33 436078 34.8272 4.10614e-05 29944.7 2.70797e-07 250.418 6.03475e-07 599.742 cn ac
0.00245407 0.00486152 7139.48 851499 104.01 4.14444e-05 29279.5 9.47016e-08 63.9762 1.87715e-07 126.566 sn ac
0.00220323 0.00530619 9904.66 1.27497e+06 123.765 4.16046e-05 29673.9 9.06568e-08 55.8833 2.1057e-07 140.495 cn ac
0.0034464 0.00522648 2041.99 148126 41.8508 3.87808e-05 30116.3 9.62394e-08 125.879 1.45519e-07 191.092 sn atre
0.022059 0.0478749 3607.89 573649 5.17446 0.000118544 19626.8 2.71845e-06 322.235 4.40909e-06 760.859 sn atre
0.0158739 0.0196485 2163.12 273110 9.1071 0.000109117 20975.1 9.56571e-07 298.827 1.16768e-06 372.38 cn ac
0.0183553 0.0234194 1937.51 254550 7.7463 9.95168e-05 20545.5 1.22565e-06 327.724 1.55098e-06 417.41 cn ac
0.0140957 0.0184384 1916.88 279067 8.3524 0.000113878 20060.4 8.68497e-07 256.92 1.13075e-06 334.301 cn ac
0.00664155 0.0092416 4035.24 638398 8.59232 9.24157e-05 22648.9 5.31078e-07 123.02 5.82579e-07 151.374 cn vit
0.00404991 0.00514214 2236.85 323755 26.8121 9.66635e-05 22499.6 2.81712e-07 62.7507 3.61766e-07 78.4822 sn vit
0.0104903 0.0133194 1669.79 253397 11.0165 0.000102376 20816.4 6.23378e-07 203 7.84412e-07 257.348 cn ac
0.0058308 0.00653485 3795.42 569004 9.90737 8.74413e-05 23201.8 4.86194e-07 99.0263 5.43129e-07 110.946 sn vit
0.00673929 0.00793416 10422.4 1.64342e+06 12.4659 8.57099e-05 26140 8.15495e-07 117.047 9.45655e-07 140.491 sn vit
0.00383447 0.00436315 7891.43 1.01055e+06 18.5359 7.11691e-05 28550.5 2.73357e-07 73.4266 3.0991e-07 84.3097 sn vit
0.00430473 0.00493617 13147 1.96566e+06 15.989 7.20822e-05 29119.7 4.64829e-07 70.5608 5.20566e-07 82.7626 cn vit
0.00283402 0.00323257 15808.4 1.9699e+06 21.0078 6.53133e-05 31261 3.2478e-07 45.6067 3.66421e-07 52.8238 sn vit
0.0149677 0.0200163 27875 2.27852e+06 9.95094 4.62165e-05 38138.8 3.37175e-07 741.524 4.42011e-07 998.909 sn hid
0.00308358 0.00351967 18872.4 2.56942e+06 22.0509 6.90626e-05 30633.5 4.07627e-07 43.1414 4.61911e-07 49.2819 sn vit
0.00205383 0.00236064 13848.8 1.57131e+06 42.4388 6.02828e-05 32191.9 1.50317e-07 35.7342 1.75148e-07 41.0906 sn vit
0.00287244 0.0035548 13831.6 1.51532e+06 38.3974 5.9702e-05 32084.8 1.92804e-07 46.9222 2.36477e-07 57.8548 sn ac
0.00525653 0.00662754 10201.1 1.20728e+06 22.3848 6.4368e-05 29887.6 2.99773e-07 105.82 3.81278e-07 132.22 cn ac
0.00621302 0.00707568 8182.43 1.19948e+06 9.67681 7.73415e-05 27361.8 6.23488e-07 122.037 6.94694e-07 144.112 sn vit
0.00617105 0.00754008 4513.88 584625 13.1742 8.00049e-05 25221.4 4.18679e-07 107.163 5.09354e-07 130.913 sn vit
0.00901704 0.0115969 2999.9 389443 15.5739 9.36804e-05 22934.4 5.60249e-07 152.361 7.21311e-07 196 sn ac
0.0272101 0.0694061 6832.37 683792 4.96551 4.77572e-05 25283 1.24575e-06 696.194 3.61265e-06 1473.72 sn vit
0.0160141 0.0209623 1343.3 135126 9.82532 5.76901e-05 21719.8 1.28601e-06 254.52 1.70249e-06 332.439 sn ac
0.0114923 0.0131947 2701.94 282304 8.96075 4.772e-05 25486.2 4.95794e-07 316.882 5.63932e-07 365.414 sn vit
0.0179104 0.021964 5061.78 450493 8.30689 4.73716e-05 24700.2 7.63531e-07 441.952 9.35543e-07 542.739 cn vit
0.0161635 0.0199339 4960.39 491245 7.33667 4.91186e-05 24203.6 7.87713e-07 365.458 9.69393e-07 451.764 cn vit
0.00605962 0.0080078 2119.27 260260 24.2229 4.89419e-05 25745.5 1.57723e-07 265.565 2.05966e-07 353.236 sn vit
0.00817208 0.0102184 7960.24 949981 8.43432 4.58912e-05 27303 3.60464e-07 227.553 4.0731e-07 263.04 sn vit
0.00521499 0.00599241 9360.08 1.1159e+06 11.8435 4.24515e-05 29417.4 2.16641e-07 154.552 2.44507e-07 179.472 sn vit
0.00202593 0.0025091 2467.91 276218 64.6898 4.5976e-05 26858.1 7.39373e-08 59.856 9.20621e-08 73.8799 sn ac
0.0030684 0.00401871 3916.93 447239 41.9519 4.70624e-05 26674 1.2779e-07 77.8522 1.65142e-07 102.854 sn ac
0.00389808 0.00474136 4309.62 480752 35.1772 4.61575e-05 26649.9 1.55995e-07 101.729 1.90557e-07 123.29 sn ac
0.00377265 0.00506785 5957.43 684732 36.9642 4.44994e-05 27634 1.34739e-07 107.194 1.81076e-07 143.745 cn ac
0.00384229 0.00461137 11905.9 1.42354e+06 21.1517 4.37708e-05 28766.9 1.49252e-07 106.749 1.76336e-07 129.707 cn vit
0.00477131 0.00571521 6851.26 738385 22.1818 4.60527e-05 26632.3 2.16792e-07 109.425 2.61101e-07 130.389 sn vit
0.00104554 0.00135935 6463.31 758253 121.744 4.64813e-05 26909.9 4.34672e-08 26.0109 5.6217e-08 33.8258 sn ac
0.00945335 0.0123426 4281.52 450547 19.6927 4.7876e-05 25740.5 4.76464e-07 190.79 6.22217e-07 248.677 sn ac
0.00503869 0.006101 10098.9 1.12597e+06 19.7666 4.61442e-05 26603.2 2.35009e-07 113.899 2.82021e-07 138.859 cn vit
0.00325382 0.00382151 13461.8 1.65753e+06 24.2365 4.48506e-05 28751.5 1.62013e-07 80.4098 1.86341e-07 95.0619 sn vit
0.00567386 0.00680685 13424.1 1.6976e+06 12.4925 4.43927e-05 29560.6 2.33511e-07 179.322 2.70498e-07 218.299 cn vit
0.00268662 0.00334708 15788.4 1.9127e+06 53.9073 4.35305e-05 28915 1.25881e-07 59.286 1.56432e-07 73.8974 sn ac
0.00102337 0.00133803 9964.37 1.2305e+06 132.242 4.41439e-05 28956 4.35541e-08 24.2616 5.69294e-08 31.7057 sn ac
0.00234656 0.00303818 10738.5 1.29108e+06 60.2027 4.40461e-05 28753.1 9.22846e-08 60.9899 1.19047e-07 79.2491 cn ac
0.00379853 0.00451716 18524.6 2.23993e+06 19.6205 4.50656e-05 28289.3 1.79091e-07 98.9306 2.06997e-07 119.29 cn vit
0.000292852 0.000364351 11396.7 1.40163e+06 392.635 4.40245e-05 28973.5 1.25679e-08 7.50586 1.60589e-08 9.16199 sn vit
0.00348331 0.00418011 11855.9 1.38112e+06 27.7202 4.3077e-05 29003.4 1.33115e-07 96.584 1.57252e-07 117.625 cn vit
0.00242823 0.00307221 8190.35 947578 58.4588 4.36303e-05 28684.5 1.01817e-07 58.8382 1.28615e-07 74.4823 sn ac
0.00197678 0.00258909 6685.5 749245 69.8338 4.33943e-05 28358.1 8.18754e-08 48.2995 1.06699e-07 63.4595 sn ac
0.00461871 0.00559135 9489.31 1.10944e+06 16.2483 4.22331e-05 29257.7 1.6281e-07 144.514 1.92296e-07 177.986 cn vit
0.0116197 0.0141303 9467.78 1.16816e+06 7.13892 4.49523e-05 29125.4 4.5775e-07 377.154 5.41076e-07 465.906 sn vit
0.00600924 0.00772436 5867.2 614888 21.9936 4.32887e-05 27753.9 2.17718e-07 169.471 2.79629e-07 217.901 cn ac
0.00767803 0.0098071 5288.64 531273 17.3807 4.38904e-05 27234 2.91785e-07 206.584 3.71837e-07 263.898 cn ac
0.00175931 0.00220615 3100.84 346839 68.138 4.76473e-05 26175.8 6.60385e-08 49.3995 8.23152e-08 62.0147 sn ac
0.00743185 0.0085307 4520.4 480488 10.2997 4.69404e-05 25855.3 3.38716e-07 178.407 3.8751e-07 204.769 sn vit
0.0156987 0.0191087 5527.38 625737 5.99148 4.49145e-05 27314 6.20058e-07 461.328 7.36906e-07 569.558 cn vit
0.0117477 0.0153325 1004.46 93844.7 10.842 4.67525e-05 25304.4 4.38726e-07 328.97 5.77603e-07 423.799 sn ac
0.0174993 0.0231904 1255.44 85924.1 9.08836 4.31715e-05 26806.8 7.69896e-07 405.031 1.02314e-06 534.348 sn ac
0.0165737 0.0216636 3100.06 247050 7.99185 4.74852e-05 24647.4 6.75194e-07 415.169 8.821e-07 542.04 cn ac
0.0403392 0.0785999 1208.42 100277 7.60546 4.86266e-05 23852.2 1.89449e-06 882.728 3.66095e-06 1731.75 cn ac
0.0106591 0.0172508 1042.26 113827 13.6212 4.64657e-05 26245.9 3.29758e-07 365.618 5.07438e-07 620.053 sn atre
0.0250379 0.0555511 1763.23 176968 9.53367 4.64478e-05 26512.9 9.86311e-07 653.427 2.15425e-06 1469.53 cn ac
0.0282362 0.0557763 1421.28 127816 8.12266 4.99206e-05 24206.6 1.19382e-06 679.966 2.34785e-06 1343.67 sn ac
0.00903 0.0122098 3662.23 358652 12.291 3.99988e-05 30738 2.67338e-07 323.592 3.59987e-07 441.515 sn atre
0.0154243 0.0261895 2029.06 209266 11.1418 4.38538e-05 27801.3 5.94699e-07 414.582 1.00991e-06 703.989 cn ac
0.016335 0.0348145 3001.79 291327 14.9816 4.36805e-05 29175.8 6.24918e-07 432.482 1.3295e-06 920.648 cn ac
0.00530311 0.0100464 2737.67 287849 42.8644 4.30682e-05 29457.6 2.08994e-07 136.785 3.93686e-07 259.653 sn ac
0.00282873 0.00578056 1701.46 186998 58.3981 4.63907e-05 27597.3 1.13062e-07 75.6499 2.25936e-07 155.543 sn vit
0.0389134 0.0716842 1091.07 91306.8 5.86034 4.4426e-05 25939.3 1.58542e-06 989.235 2.89759e-06 1840.12 cn ac
0.020928 0.0348345 1974.04 203330 7.09031 4.8822e-05 25150.5 9.11069e-07 532.516 1.5229e-06 877.72 sn atre
0.0140109 0.0306705 3600.2 361582 17.8063 4.21337e-05 29627 4.85673e-07 410.792 1.06211e-06 898.387 cn ac
0.0201126 0.0352164 8722.26 980544 8.1322 4.10961e-05 30497.3 7.09759e-07 690.164 1.17305e-06 1251.13 sn atre
0.00768992 0.0156717 8168.79 940209 28.4607 4.01434e-05 30277.5 2.55684e-07 242.774 5.15025e-07 495.466 sn vit
0.00322456 0.00532594 9359.18 1.07814e+06 49.2144 3.84955e-05 31386.3 1.06144e-07 104.135 1.74119e-07 172.086 sn atre
0.0228183 0.0436251 4556.26 433494 11.6907 4.11994e-05 29646.1 1.03875e-06 524.86 1.99885e-06 993.28 sn vit
0.00488377 0.0103446 10685.5 1.24121e+06 40.8539 4.43659e-05 31005.7 2.5373e-07 99.8655 5.37623e-07 208.916 sn vit
0.00280695 0.00522172 9428.25 1.07629e+06 64.3134 3.90576e-05 30930.4 1.13834e-07 74.324 2.08545e-07 138.841 sn vit
0.000827935 0.00124083 5854.8 660458 156.234 4.02353e-05 30496.3 3.26136e-08 22.3805 4.88903e-08 33.2884 sn ac
0.00289762 0.00638917 10616.2 1.25951e+06 86.8372 4.25742e-05 31878.3 1.14973e-07 74.6337 2.53021e-07 164.477 cn ac
0.00269999 0.0059934 13030.5 1.63104e+06 98.0628 4.25799e-05 31462 1.68242e-07 44.9948 3.71156e-07 100.595 sn ac
0.00331937 0.00822782 14718.5 1.85464e+06 76.1294 4.18846e-05 31656.1 1.58176e-07 71.7077 3.92622e-07 176.62 cn vit
0.00422614 0.00953595 14080.3 1.72412e+06 56.3655 4.16706e-05 31675.7 1.86446e-07 99.2548 4.19013e-07 224.16 cn vit
0.00348047 0.00751506 14058.1 1.73481e+06 60.77 4.20925e-05 31305.3 1.6879e-07 74.9361 3.64683e-07 160.502 cn vit
0.0104341 0.0197949 16558.3 1.87955e+06 12.5181 3.79462e-05 31736.9 3.6167e-07 347.189 6.5433e-07 670.282 sn atre
0.000709862 0.00150488 13668.6 1.68173e+06 327.027 4.19546e-05 31523 2.88528e-08 19.6909 5.89137e-08 42.8043 sn vit
0.00862954 0.0125114 5877.91 644963 16.0299 3.96384e-05 30832.7 2.70333e-07 292.579 3.94591e-07 421.054 sn atre
0.0101599 0.0185952 4450.86 459505 18.8062 4.23686e-05 29234.2 4.65543e-07 234.377 8.60115e-07 426.009 sn vit
0.00329597 0.00439218 2828.35 304327 35.5185 4.31161e-05 29421.7 9.09325e-08 122.877 1.20577e-07 164.36 sn atre
0.0123461 0.0200661 2824.65 305474 13.2592 4.35118e-05 28587.5 5.55164e-07 291.426 9.08984e-07 468.423 sn vit
0.0256918 0.0459514 1806.27 179776 7.05392 4.65135e-05 25835.8 1.07268e-06 657.803 1.8998e-06 1181.22 cn vit
0.0260349 0.0476509 1520.82 146472 7.80569 5.04491e-05 23985 1.17197e-06 613.949 2.11955e-06 1131.08 cn vit
0.00646813 0.0136114 4422.79 469403 37.8485 4.17538e-05 29664.2 2.33337e-07 181.69 4.89562e-07 382.664 sn ac
0.00617641 0.0121492 3549.79 363674 35.4169 4.25465e-05 29528.4 2.24985e-07 172.17 4.41857e-07 338.322 cn ac
0.00141102 0.00208012 3771.92 404981 95.0239 4.23861e-05 29613.3 5.3915e-08 38.3541 8.01388e-08 56.1911 sn ac
0.00192507 0.0028887 11055.6 1.30446e+06 86.5099 3.94372e-05 31455.5 7.1568e-08 57.7148 1.10004e-07 86.2084 sn atre
0.00173324 0.00249849 10182.6 1.19146e+06 100.27 3.9262e-05 31829 5.21066e-08 59.6339 7.45136e-08 86.7019 sn atre
0.00749365 0.00987922 3131.33 227365 20.9667 3.40379e-05 34458.8 2.46949e-07 234.844 3.2429e-07 310.848 sn atre
0.00262471 0.003902 6084.36 676564 66.7078 3.98587e-05 30824 8.21664e-08 89.4121 1.21646e-07 133.417 sn atre
0.00124116 0.00184755 6774.79 567874 104.42 3.82816e-05 32751.4 4.84973e-08 32.8972 7.11425e-08 49.5785 sn atre
0.000886063 0.00132888 6636.71 782603 138.757 4.03391e-05 30561.4 2.685e-08 30.4754 3.97789e-08 46.6118 sn atre
0.00445691 0.00595593 1517.62 169327 25.5527 4.4551e-05 28412 1.24771e-07 165.79 1.6403e-07 225.452 sn atre
0.0109774 0.0178329 2054.47 223071 13.5109 4.15661e-05 29718 3.20601e-07 397.053 4.93035e-07 682.491 sn atre
0.0206988 0.0344753 1228.34 123369 8.68803 5.30113e-05 23473.3 1.05994e-06 447.123 1.83776e-06 707.053 sn atre
0.0136435 0.0226917 2092.52 232396 12.6627 4.81995e-05 25341.2 6.27985e-07 325.981 1.03376e-06 547.388 sn atre
0.0197305 0.0360801 2306.12 237469 11.1317 4.85346e-05 24708.8 1.04217e-06 394.738 1.94957e-06 698.912 sn atre
0.00488358 0.00632699 1351.63 159574 26.8869 4.69729e-05 26593.2 1.69687e-07 156.273 2.11437e-07 210.511 sn atre
0.00693678 0.0107238 2934.1 374852 19.3973 4.73697e-05 27366.7 2.55171e-07 205.862 3.97408e-07 314.099 sn atre
0.00301763 0.00445517 2098.84 263360 36.6697 4.99407e-05 26890.8 8.6534e-08 110.979 1.25344e-07 167.781 sn atre
0.00269754 0.00354195 2286.57 289144 48.0423 4.90397e-05 27115.8 8.56006e-08 88.5441 1.11105e-07 117.956 sn atre
0.00416717 0.00583132 1982.71 245262 26.5227 5.01803e-05 26899.3 1.36422e-07 142.849 1.97596e-07 201.098 sn atre
0.0178146 0.0312196 512.366 49339.3 6.91657 5.33364e-05 24333.7 6.47012e-07 535.438 1.04669e-06 1027.56 sn atre
0.0228443 0.0426192 1201.78 124008 8.21522 6.20231e-05 20939.7 1.63401e-06 345.643 3.123e-06 625.422 sn atre
0.0163724 0.0268938 931.111 109925 8.90795 5.57321e-05 24014.6 7.21984e-07 441.472 1.22431e-06 715.005 sn atre
0.00880213 0.0180668 3661.35 479381 25.6832 4.94645e-05 27270.3 3.45425e-07 229.137 7.03826e-07 470.583 sn atre
0.00374893 0.00577229 2406.47 299507 32.2572 5.05492e-05 25055.3 1.92068e-07 83.0125 2.97633e-07 125.603 sn atre
0.00613237 0.0115455 3429.42 453539 32.0657 4.85624e-05 27634.9 4.46778e-07 88.5465 8.42898e-07 166.494 sn atre
0.0135769 0.0196192 3971.81 443503 13.2192 4.59275e-05 26604 4.81711e-07 404.084 6.8451e-07 596.401 sn atre
0.00420631 0.0065726 4430.93 585982 34.9586 4.70482e-05 28226.3 1.48125e-07 128.284 2.23715e-07 208.799 sn atre
0.00299169 0.00459453 4795.01 651954 43.1891 4.90481e-05 27386 1.24218e-07 80.4599 1.88175e-07 125.334 sn atre
0.0022041 0.00357109 5538.09 752396 73.555 4.95752e-05 27863.9 8.21408e-08 60.7095 1.32413e-07 98.6429 sn atre
0.00156644 0.00259183 11320.8 1.61757e+06 90.5335 5.00065e-05 28161.9 5.59165e-08 48.1599 8.84714e-08 83.0776 sn atre
0.00152058 0.00236457 11026.2 1.56716e+06 92.4275 5.07324e-05 28321.5 5.5551e-08 46.9772 8.3861e-08 75.3514 sn atre
0.000518094 0.000866888 13032.5 1.85623e+06 276.173 5.17665e-05 27909.1 2.11158e-08 13.4701 3.36687e-08 23.9764 sn atre
0.00113762 0.00178599 10412.3 1.42535e+06 125.463 5.18232e-05 27949.3 7.35744e-08 19.4225 1.19877e-07 29.2315 sn atre
0.000859723 0.00121686 8251.57 1.06225e+06 109.139 4.87987e-05 29476.7 3.14701e-08 27.6441 4.35245e-08 40.3636 sn atre
0.00597844 0.00829592 8022.94 1.09398e+06 15.8048 4.82664e-05 28750.7 2.08618e-07 196.794 2.87462e-07 277.862 sn atre
0.0121323 0.0231197 1877.5 221253 16.2943 4.9603e-05 26484.2 5.42763e-07 286.15 1.05607e-06 527.107 sn atre
0.0326008 0.0653144 798.508 79796.7 7.11933 7.07317e-05 18577.1 2.55672e-06 439.117 5.1499e-06 868.949 sn atre
0.0194401 0.0424894 1064.01 113770 10.1666 6.05836e-05 21896 1.52388e-06 263.369 3.36873e-06 564.103 sn atre
0.0177082 0.0263222 498.445 55424.5 9.02444 6.73552e-05 20852.6 6.53164e-07 509.194 9.57203e-07 770.989 sn atre
0.0018877 0.00272304 5818.34 775386 62.4232 4.74646e-05 29018.4 8.59963e-08 48.4365 1.2188e-07 71.3494 sn atre
0.023196 0.037875 3962.14 361355 6.6344 3.86038e-05 30313.8 9.84285e-07 643.126 1.56797e-06 1068.03 sn atre
0.0320276 0.0610057 3816.07 334230 7.86364 3.83458e-05 29346.4 1.29253e-06 824.24 2.43906e-06 1583.16 cn vit
0.0143369 0.0245398 4165.94 407534 11.8977 3.809e-05 30491.9 5.49564e-07 404.697 9.58141e-07 683.717 sn vit
0.0243723 0.0528288 2708.49 239412 9.16846 3.81278e-05 30012.5 8.81685e-07 694.442 1.88037e-06 1527.11 cn vit
0.028109 0.0562847 1669.73 139216 8.09668 3.76782e-05 29813.6 1.08626e-06 741.777 2.18521e-06 1472.77 cn ac
0.0116913 0.025879 4743.61 505335 21.4717 3.90532e-05 30460.5 3.85765e-07 360.905 8.53306e-07 798.426 cn vit
0.00306212 0.00510384 3065.7 310404 56.0054 3.89827e-05 30167 1.35702e-07 73.2333 2.31544e-07 120.082 sn ac
0.0163523 0.0253557 3219.55 332145 11.8334 3.95595e-05 29597.2 6.22103e-07 464.466 9.59218e-07 718.683 sn atre
0.00728606 0.0133463 3720.45 404316 22.9201 3.87941e-05 30061.1 3.05468e-07 178.271 5.59911e-07 325.253 sn ac
0.00732529 0.014945 5045.36 596481 26.7147 3.91443e-05 30962.7 3.30788e-07 169.829 6.7754e-07 343.055 sn vit
0.00461847 0.00778351 4673.04 552917 35.9078 4.14372e-05 29160.2 2.14299e-07 103.312 3.62152e-07 173.201 sn ac
0.00230676 0.0035857 7415.98 874359 63.239 3.79922e-05 31705.1 8.42388e-08 66.4401 1.30811e-07 102.954 sn ac
0.00900962 0.0212734 9811.15 1.11651e+06 28.1701 3.83802e-05 31519 3.17951e-07 277.678 7.28765e-07 677.683 sn vit
0.000986316 0.00172008 5343.54 653745 152.302 4.02068e-05 30757.1 5.19696e-08 21.587 8.93315e-08 38.187 sn vit
0.013009 0.0274243 4624.72 537117 20.7507 4.42608e-05 27200.4 7.20126e-07 246.27 1.51048e-06 516.097 cn ac
0.00533666 0.0135628 12497 1.54061e+06 57.5141 3.83429e-05 31749.9 2.1484e-07 136.217 5.4125e-07 348.405 cn ac
0.000544761 0.0010523 9369.29 1.12945e+06 289.222 3.80853e-05 32001.6 2.64705e-08 15.2216 4.91303e-08 29.7087 sn vit
0.00355001 0.00869734 16460.2 2.03337e+06 82.422 3.78844e-05 31857.1 1.63023e-07 78.8024 3.98337e-07 193.124 sn vit
0.00350781 0.00886375 14381.7 1.7714e+06 83.2824 3.79172e-05 31937.3 1.44662e-07 86.6154 3.62954e-07 219.878 cn ac
0.00326283 0.00809043 15239.8 1.88678e+06 89.9967 3.81116e-05 31749.8 1.41667e-07 76.1173 3.49008e-07 189.592 cn ac
0.00367931 0.00524739 12901.5 1.50766e+06 35.8975 3.81318e-05 31358.8 1.27832e-07 113.673 1.82525e-07 161.678 sn atre
0.00322274 0.0072064 11282 1.32483e+06 84.7733 3.82612e-05 31391.4 1.27088e-07 82.4604 2.8318e-07 184.662 sn ac
0.00234043 0.00508047 12229.1 1.46856e+06 116.721 3.79503e-05 31655.4 9.59597e-08 57.6036 2.06049e-07 126.205 sn ac
0.00300403 0.00579311 9723.28 1.12241e+06 78.9642 3.75792e-05 31834.2 1.09603e-07 84.634 2.07887e-07 165.642 cn ac
0.00283222 0.00508359 8847.55 999594 71.1142 3.72848e-05 31949.6 9.85003e-08 82.8191 1.77453e-07 147.597 cn ac
0.00266639 0.00545878 8147.45 914749 86.8011 3.75585e-05 31680.7 1.02757e-07 70.1894 2.08829e-07 144.369 sn ac
0.00617467 0.011258 11552.3 1.37079e+06 25.9969 3.60428e-05 33398.4 1.81006e-07 227.303 3.21587e-07 420.072 sn atre
0.00712023 0.0144797 5900.65 674156 34.4062 3.84232e-05 31202.8 2.2638e-07 226.132 4.58982e-07 460.62 cn vit
0.00607982 0.0119453 5846.13 656970 38.9205 3.84782e-05 31045 1.94489e-07 193.565 3.80928e-07 380.665 cn ac
0.00342217 0.00637101 5191.7 595108 60.2822 3.9988e-05 30177.7 1.61809e-07 83.4928 3.13688e-07 153.72 sn ac
0.00276126 0.00398742 4130.07 452476 48.7294 3.98361e-05 29873.5 1.04987e-07 75.4285 1.52273e-07 107.962 sn ac
0.00520378 0.00886391 4441.83 484440 32.792 3.95756e-05 30018.1 1.83726e-07 150.707 3.13782e-07 255.256 cn ac
0.0157725 0.026484 5568.19 568279 9.90427 3.79892e-05 30535.9 5.45233e-07 479.751 9.19407e-07 798.017 sn atre
0.025157 0.0556909 2542.18 228229 9.2473 3.76074e-05 30453 9.23593e-07 706.333 2.06276e-06 1555.02 cn ac
0.0125534 0.0209934 4651.34 485541 11.8511 3.57376e-05 32680.5 3.24514e-07 509.361 5.29152e-07 876.762 sn atre
0.0224863 0.0477025 2067.85 177675 9.39497 3.83524e-05 29594.2 8.73098e-07 595.426 1.84575e-06 1260.4 sn vit
0.0226306 0.0393408 3280.85 292048 8.11359 3.58198e-05 31264.1 6.94507e-07 768.407 1.18257e-06 1368.88 sn atre
0.0235311 0.0400745 7293.85 448868 6.28228 4.33379e-05 24696.6 1.03421e-06 560.743 1.80786e-06 919.148 sn vit
0.0129236 0.0160662 2651.73 212771 13.1006 3.9487e-05 27716.5 4.65406e-07 384.114 5.7851e-07 476.921 sn vit
0.00324539 0.00379915 3052.45 221976 40.3742 4.13614e-05 26183.7 1.19696e-07 91.3811 1.40191e-07 106.644 sn ac
0.0210309 0.0257322 5885.04 391924 6.91841 4.02122e-05 26627.2 7.79975e-07 585.529 9.4795e-07 720.455 cn vit
0.016648 0.0198768 8608.43 686475 6.05277 4.19683e-05 26588.8 6.77813e-07 457.039 8.01499e-07 547.365 sn vit
0.020957 0.0250462 4417.15 336334 5.77672 4.21687e-05 26079.2 8.75917e-07 538.304 1.04266e-06 645.328 sn vit
0.00808681 0.00983649 5283.35 415860 14.3322 4.13893e-05 26764.6 2.87031e-07 238.04 3.49762e-07 289.068 sn vit
0.0095433 0.0123297 6476.93 547376 14.2964 3.94477e-05 28311.3 3.32481e-07 277.421 4.29487e-07 358.258 cn ac
0.00385057 0.00487749 4075.4 338613 28.3572 4.1023e-05 27038.4 1.23428e-07 124.485 1.55903e-07 158.434 sn vit
0.0117891 0.0141116 5066.83 460006 7.38962 4.00386e-05 28482 4.39806e-07 355.131 5.18883e-07 426.709 sn vit
0.00388806 0.00450412 10943.3 1.07613e+06 20.1956 3.92161e-05 29033.1 1.34458e-07 117.997 1.54686e-07 137.119 sn vit
0.00325804 0.00378825 11114.4 1.1204e+06 23.9594 3.86322e-05 29632.3 1.07647e-07 109.262 1.23879e-07 127.895 sn vit
0.00458999 0.005184 13603.7 1.48578e+06 12.6851 3.95961e-05 30214.9 1.96217e-07 133.403 2.16746e-07 152.445 sn vit
0.00920706 0.0121245 5067.32 432582 17.2033 3.83973e-05 29143.2 3.31888e-07 258.383 4.36841e-07 340.083 cn ac
0.00604782 0.0080813 7838.13 702579 24.6431 4.02674e-05 28271.7 2.67046e-07 139.328 3.57115e-07 185.796 cn ac
0.00801346 0.00958009 12982.3 1.33063e+06 11.4639 4.13043e-05 28467.2 3.26468e-07 223.267 3.80176e-07 271.136 cn vit
0.00306358 0.00397881 10569.2 1.06678e+06 44.2941 3.8041e-05 30420.8 1.17433e-07 81.4002 1.52811e-07 105.363 cn ac
0.00587174 0.00737608 3621.41 329841 30.7673 4.18459e-05 27273.5 2.86154e-07 123.218 3.58251e-07 154.885 sn ac
0.00504875 0.00628367 19293.5 2.20701e+06 17.6161 4.02793e-05 30425 2.08264e-07 156.931 2.49032e-07 198.874 sn vit
0.00233568 0.00291366 19496.6 2.20428e+06 50.9578 3.96923e-05 30035.8 1.1246e-07 50.7097 1.39129e-07 63.6901 cn vit
0.00591421 0.00722847 21298.9 2.46718e+06 14.8629 4.12199e-05 29954 2.5708e-07 171.161 3.05898e-07 211.502 cn vit
0.00422636 0.00512092 14097.2 1.39951e+06 25.3561 3.75479e-05 30572.4 1.44008e-07 128.51 1.73091e-07 156.795 cn vit
0.00408511 0.00508198 12082.3 1.07053e+06 33.5237 3.97535e-05 28349.3 1.49463e-07 113.101 1.85535e-07 140.834 sn vit
0.00590944 0.00677672 11236.4 1.17661e+06 11.3154 4.07772e-05 28711.5 2.37441e-07 180.081 2.67375e-07 208.091 sn vit
0.0067867 0.00811363 7288.43 683598 12.7429 4.06318e-05 28126.1 2.43677e-07 205.049 2.88623e-07 245.258 sn vit
0.0108033 0.012803 8806.83 929247 7.29 4.13967e-05 28855.2 4.36412e-07 323.085 5.09673e-07 384.729 sn vit
0.0221943 0.0276946 5375.55 371532 5.97414 3.99098e-05 27327.3 8.48261e-07 596.852 1.0497e-06 750.53 cn vit
0.0289591 0.0381085 2732.86 111180 5.93449 4.75422e-05 21965.4 1.38062e-06 613.924 1.81233e-06 809.325 sn ac
0.0167589 0.0290381 622.339 56481.3 13.4112 4.63327e-05 25238.4 7.9256e-07 361.004 1.35671e-06 631.902 sn ac
0.0176446 0.0315014 1509.05 128770 9.82145 4.39623e-05 26312.3 7.64356e-07 417.324 1.37033e-06 740.295 sn ac
0.0128062 0.0246901 1826.03 173839 16.0469 4.38096e-05 26659.4 5.67461e-07 293.128 1.09391e-06 563.801 sn ac
0.0187314 0.0362642 3729.16 347591 10.3742 4.2912e-05 27174.1 7.4773e-07 490.848 1.44871e-06 945.573 cn vit
0.00742508 0.0118869 4080.71 462941 15.6433 3.98887e-05 30065.4 2.38671e-07 281.141 3.52928e-07 478.285 sn atre
0.0152309 0.0291287 1857.53 196330 12.5344 4.75559e-05 25523 1.0424e-06 241.248 2.05325e-06 444.852 sn ac
0.0106866 0.021695 2968.77 305571 18.9661 4.25435e-05 27659.8 4.2268e-07 281.618 8.47084e-07 579.197 cn ac
0.00841487 0.0146441 3404.09 364876 20.0714 4.96007e-05 28019.4 3.20615e-07 229.347 5.58328e-07 397.696 cn ac
0.0422747 0.0870594 1145.48 112229 5.3408 4.4293e-05 27505.7 1.71281e-06 1324.35 3.35131e-06 2874.74 sn vit
0.0174198 0.0278565 527.793 43806.9 9.41253 4.69557e-05 24470.6 8.47428e-07 367.04 1.33942e-06 593.593 sn ac
0.01644 0.0271874 3646.19 365886 9.32674 4.10404e-05 28781.4 5.69118e-07 506.869 9.50766e-07 828.241 sn atre
0.0102557 0.0168983 5583.39 630666 15.7136 4.64535e-05 29140.3 4.33265e-07 264.74 7.24988e-07 427.313 sn atre
0.00495062 0.0089434 3857.48 426249 34.1719 4.54647e-05 28727.6 1.73803e-07 145.365 3.1409e-07 260.65 sn ac
0.00658713 0.0101841 5498.98 648406 22.6604 4.22748e-05 30424.4 1.95103e-07 240.493 3.04786e-07 368.796 sn atre
0.00694583 0.013755 2891.06 319004 31.6389 4.12647e-05 29389.6 2.74753e-07 179.34 5.41683e-07 356.649 sn ac
0.00712489 0.0145326 4138.48 451969 28.7876 3.95349e-05 30572.4 2.73014e-07 192.827 5.48061e-07 398.353 cn ac
0.00618643 0.0116781 5052.2 572296 31.1894 3.96356e-05 30339.5 2.44807e-07 161.371 4.60587e-07 305.36 cn ac
0.0086825 0.0180315 5577.26 629625 23.2613 3.98133e-05 30093.3 3.08936e-07 251.934 6.34732e-07 526.142 cn ac
0.00924176 0.0223697 5226.72 608651 27.6589 4.20878e-05 28946.6 4.42396e-07 197.857 1.05986e-06 483.186 cn ac
0.00452772 0.00788254 9162.1 1.11843e+06 34.9212 4.31451e-05 30143.6 1.96281e-07 111.711 3.41775e-07 193.927 cn vit
0.00378152 0.00737646 11320.2 1.42845e+06 57.2072 4.15454e-05 30326.6 1.83062e-07 81.9635 3.65555e-07 157.497 cn ac
0.00285339 0.00521822 8127.93 968976 61.6926 4.11877e-05 30511.7 1.06542e-07 79.1148 1.95756e-07 143.851 cn ac
0.00287637 0.00723495 11942.8 1.54296e+06 98.0505 4.10861e-05 30805.8 1.36347e-07 61.4444 3.4046e-07 155.207 sn ac
0.00288849 0.00513765 11089 1.38943e+06 55.3576 4.10923e-05 30515.7 1.26783e-07 68.9626 2.26978e-07 121.352 sn vit
0.00230314 0.00394691 10363.5 1.28176e+06 60.1582 4.14122e-05 30422.3 9.48916e-08 60.2845 1.6477e-07 102.415 sn vit
0.00764369 0.0140621 9433.01 1.12681e+06 24.1925 4.17813e-05 30199.9 2.64846e-07 230.184 4.92761e-07 417.434 sn atre
0.00362659 0.00745543 6574.61 783132 67.5759 4.40094e-05 29246.5 1.29791e-07 102.316 2.65447e-07 211.01 sn ac
0.000510816 0.000799978 11301.9 1.43093e+06 273.438 4.0398e-05 31164.5 2.47599e-08 11.2305 3.88594e-08 17.5865 sn vit
0.00217197 0.00377944 14040.8 1.81602e+06 76.0206 4.06726e-05 31012.3 1.13704e-07 45.1561 1.9592e-07 78.6003 cn ac
0.00160676 0.00289643 4608.24 546280 89.8052 4.5899e-05 28463.5 1.00558e-07 48.2763 1.96155e-07 82.5601 sn vit
0.00904646 0.0150415 6902.44 833053 11.0825 4.20231e-05 30372.5 3.23955e-07 304.889 5.09351e-07 524.21 sn atre
0.0119662 0.0343101 3804.19 455342 21.9461 4.41728e-05 30209.9 2.54912e-07 615.972 6.8678e-07 1801.13 sn atre
0.0139307 0.0404841 3422.89 401228 25.0103 4.44142e-05 30809.1 2.65462e-07 747.741 7.6135e-07 2179.24 sn vit
0.0165026 0.0480005 3247.99 378278 19.8352 4.52161e-05 30646.2 3.35117e-07 873.558 9.4507e-07 2560.51 sn vit
0.00686596 0.010008 3269.1 369209 18.2194 4.50046e-05 29201.5 1.8842e-07 264.494 2.64183e-07 403.307 sn atre
0.00907103 0.0129236 2342.59 265521 12.5456 4.10349e-05 29413 2.99908e-07 314.73 4.28886e-07 450.205 sn atre
0.0165375 0.028761 3072.57 315272 11.2074 4.22222e-05 28191.9 6.27578e-07 471.572 1.11266e-06 805.281 sn atre
0.0179049 0.0367117 1570.87 143076 11.56 4.70289e-05 26565.3 7.89027e-07 412.223 1.61515e-06 843.775 sn ac
0.0173867 0.0244167 2872.3 270312 7.03208 3.92545e-05 29846.4 5.31712e-07 600.094 7.3484e-07 854.491 sn atre
0.0330996 0.0640284 1114.02 104858 6.468 4.36051e-05 26668.6 1.39245e-06 833.62 2.63947e-06 1640.33 cn ac
0.00302393 0.00465401 9652.21 1.19769e+06 51.2662 4.37835e-05 29843.2 1.10796e-07 84.9843 1.68497e-07 132.455 sn atre
0.00142564 0.00195903 7811.48 956746 90.2273 4.3018e-05 29799.8 4.40115e-08 47.3881 6.07336e-08 64.6687 sn atre
0.00129755 0.00176637 9358.02 1.16415e+06 115.045 4.17262e-05 30412 3.81644e-08 45.0955 5.1945e-08 61.3101 sn atre
0.00106691 0.00149988 11025.7 1.37896e+06 128.306 4.05357e-05 31034.5 3.6019e-08 32.8914 4.99738e-08 47.0073 sn atre
0.00251349 0.00345309 7318.63 916863 51.6 4.30081e-05 30094.2 6.57779e-08 100.497 8.79503e-08 142.199 sn atre
0.00249229 0.00370255 4459.8 506108 51.6535 3.89812e-05 30913.8 7.37172e-08 86.8762 1.10273e-07 128.272 sn atre
0.00821398 0.0112422 1958.42 188976 14.0691 4.19548e-05 28222.6 2.70139e-07 260.454 3.71317e-07 353.818 sn atre
0.0371787 0.0856726 1987.57 157633 8.97816 5.0075e-05 23632.2 1.67457e-06 852.751 3.80444e-06 1988.56 cn ac
0.0129731 0.0198136 1280.25 86895.2 9.71871 4.43526e-05 26362.1 5.04775e-07 376.055 7.68476e-07 582.226 sn atre
0.0406589 0.0714932 687.914 46380.8 5.80224 4.97256e-05 22392.7 2.45315e-06 702.631 4.32782e-06 1234.77 cn ac
0.0197808 0.0354691 1374.72 133210 9.23765 4.75666e-05 25528.5 8.7615e-07 488.834 1.62079e-06 844.739 sn atre
0.00969441 0.0177116 1310.27 107339 15.7121 4.66489e-05 25342 4.39515e-07 225.044 8.08564e-07 403.716 sn atre
0.00341302 0.00452746 2875.29 341863 30.2161 5.16896e-05 24363.7 1.17708e-07 104.844 1.56056e-07 138.785 sn atre
0.0266384 0.0520518 2211.2 172738 11.5044 5.223e-05 22817.5 1.19822e-06 603.912 2.31446e-06 1186.95 sn atre
0.00131335 0.00222158 4353.92 548462 83.2289 5.26545e-05 24523.5 4.8748e-08 38.193 8.7192e-08 60.7593 sn atre
0.00274136 0.00366901 2855.91 334925 39.5023 5.02686e-05 25177.9 9.72545e-08 81.812 1.29516e-07 109.919 sn atre
0.00198254 0.00288842 2702.9 319228 66.9432 5.09196e-05 24952.6 6.47399e-08 62.3885 9.434e-08 90.5078 sn atre
0.00101438 0.00140304 3227.26 386179 121.475 5.15147e-05 24683.7 3.43993e-08 30.8731 4.75253e-08 42.6606 sn atre
0.00253294 0.00417579 5284.94 669168 59.9169 5.2009e-05 24913.6 8.87102e-08 75.3007 1.47808e-07 122.16 sn atre
0.00564446 0.0123619 5939.23 727049 36.056 5.15396e-05 24903.5 2.19271e-07 148.517 4.77451e-07 324.461 sn atre
0.00417025 0.010044 8292.03 1.08095e+06 63.3953 5.05506e-05 25685.6 1.6741e-07 105.449 3.99129e-07 256.221 cn ac
0.000626939 0.000809604 6766 894318 186.446 5.12287e-05 25541.5 1.98533e-08 20.6724 2.53345e-08 27.0916 sn atre
0.00117783 0.00164963 11146.7 1.49777e+06 109.971 4.90993e-05 26409.6 4.56274e-08 32.9183 6.36489e-08 46.2589 sn atre
0.000682527 0.000992443 11495.5 1.55649e+06 224.446 4.87236e-05 26625 2.41384e-08 19.9587 3.45534e-08 29.5569 sn atre
0.00105583 0.00195905 9988.28 1.32297e+06 184.111 4.94255e-05 26253.9 4.52008e-08 25.265 8.43213e-08 46.3517 sn atre
0.00228728 0.00316644 6662.89 845399 54.5973 5.16381e-05 24946 7.40202e-08 75.3193 1.0404e-07 102.671 sn atre
0.00546195 0.011842 6805.14 821910 49.6904 5.16765e-05 24627.8 2.17091e-07 138.392 4.71977e-07 298.706 sn atre
0.00204802 0.00300766 7665.09 969562 63.4635 5.06019e-05 25317.2 7.09404e-08 62.3157 1.06671e-07 89.3425 sn atre
0.00149322 0.00211605 5479.07 681641 79.5327 5.27608e-05 24311.6 4.39883e-08 53.1581 6.10624e-08 77.334 sn atre
0.00790796 0.0175135 4608 545998 30.85 5.21769e-05 24199.4 3.14643e-07 201.983 6.97718e-07 445.136 sn atre
0.0112497 0.0209592 3539.61 473932 16.574 4.87834e-05 26540.8 3.01976e-07 426.485 5.6396e-07 790.117 sn atre
0.00835438 0.0180064 1820.43 189236 25.8309 4.93408e-05 24997.7 3.22022e-07 230.687 7.01957e-07 485.997 sn atre
0.00434804 0.006869 3359.91 414588 34.9693 5.22204e-05 24316.5 1.51421e-07 139.471 2.45949e-07 213.712 sn atre
0.00598237 0.0115927 2674.66 311580 39.1144 5.1857e-05 24186.4 2.48692e-07 148.879 4.88269e-07 282.768 sn atre
0.00285705 0.00407076 2378.07 281257 50.3727 5.22455e-05 24136.8 7.58604e-08 109.398 1.07219e-07 156.882 sn atre
0.00777415 0.0120639 1846.85 180668 19.9362 4.67783e-05 25922.2 2.63115e-07 242.221 4.23332e-07 362.749 sn atre
0.0486404 0.111552 967.211 39731.8 5.85707 4.35836e-05 24448.5 2.21131e-06 1075.86 5.04695e-06 2478.34 sn atre
0.00468364 0.011682 5380.56 641228 60.9454 5.28912e-05 24018.7 1.87523e-07 118.016 4.7125e-07 291.356 sn atre
0.0282088 0.0370519 7036.72 502748 6.11929 4.75916e-05 35066.5 8.4728e-07 1144.27 1.07953e-06 1520.35 sn vit
0.00578154 0.00707421 4111.83 329189 15.7787 3.75868e-05 35136.4 1.96822e-07 180.879 2.37169e-07 223.105 sn vit
0.0421915 0.21165 19112.2 799086 5.04897 2.91409e-05 38239.1 1.0641e-06 1711.31 6.32019e-06 7205.65 sn hid
0.0121943 0.0143475 8307.32 715864 6.17443 3.79912e-05 35199.3 4.63302e-07 406.803 5.32632e-07 484.083 cn vit
0.0038205 0.00484009 5232.95 300476 35.2892 3.46523e-05 36818.6 1.17903e-07 125.532 1.49202e-07 159.062 sn ac
0.00422044 0.00524428 2337.13 120211 29.1667 3.52442e-05 34647.5 1.48899e-07 121.328 1.84619e-07 151.054 sn ac
0.0167503 0.022933 2191.01 157033 8.38624 3.5776e-05 33721.6 5.61521e-07 507.659 7.67518e-07 695.191 cn ac
0.0236792 0.0311787 6225.75 482579 7.11364 4.72932e-05 36609.3 7.82601e-07 1026.44 9.6203e-07 1370.02 sn vit
0.00743103 0.00957911 5486.33 466891 16.7489 4.08927e-05 34860 2.55693e-07 236.654 3.22988e-07 308.694 cn ac
0.00424927 0.00481589 7727.28 733835 15.3929 3.89328e-05 35353.4 1.40652e-07 139.064 1.58845e-07 157.587 sn vit
0.00765112 0.0100979 8013.42 639427 17.1379 3.82382e-05 36071.5 2.25628e-07 265.595 2.96878e-07 350.701 cn ac
0.00343994 0.00429631 7419.61 669930 35.9434 3.90477e-05 35782.1 1.09903e-07 109.418 1.37468e-07 136.363 cn ac
0.0112367 0.0134269 11117.9 1.19629e+06 8.92536 4.47182e-05 34295 4.16937e-07 407.684 4.84982e-07 494.38 sn vit
0.00537548 0.00637774 6558.14 780112 16.7763 4.50127e-05 32454 2.46953e-07 130.436 2.91935e-07 154.502 sn vit
0.0110936 0.0145103 52009.2 3.84045e+06 12.7496 3.10161e-05 39623.7 2.64859e-07 480.261 3.44247e-07 629.95 sn hid
0.00320356 0.0038365 14503.6 1.44456e+06 29.7996 3.60054e-05 36592 1.11654e-07 95.9799 1.32759e-07 115.345 cn vit
0.000684682 0.000791652 9563.24 848926 176.483 3.75409e-05 36734.4 2.52209e-08 22.1728 2.91044e-08 25.3972 sn vit
0.00453753 0.00541229 13749.5 1.47785e+06 14.6432 3.8884e-05 35507.4 1.77635e-07 152.798 2.05017e-07 184.13 sn vit
0.00327334 0.00415721 8349.45 748236 37.6055 3.80552e-05 36290.8 1.05123e-07 107.898 1.32736e-07 137.125 cn ac
0.00470708 0.00610591 9101.41 816305 30.3161 3.75154e-05 36044.7 1.51131e-07 148.459 1.9573e-07 192.544 sn ac
0.0224217 0.0301318 34980.8 2.35851e+06 6.64861 3.10352e-05 41092.5 4.75605e-07 1078.78 6.27387e-07 1431.99 sn hid
0.00704914 0.00899269 4114.29 238749 19.1624 3.41556e-05 35903.4 2.43539e-07 210.259 3.10131e-07 267.844 sn ac
0.0235511 0.0325747 4537.18 434182 5.02359 4.10363e-05 28625.9 9.24412e-07 652.979 1.23293e-06 926.077 sn vit
0.046888 0.0770005 3182.9 109648 4.7165 4.34127e-05 24388.4 1.97453e-06 1134.07 3.18978e-06 1887.95 sn ac
0.0262318 0.0350054 3553.38 219039 7.56894 3.92381e-05 28120.7 9.20429e-07 763.252 1.22855e-06 1016.98 sn ac
0.0199512 0.023565 7435.38 875372 5.37648 4.89452e-05 28075.7 8.29591e-07 608.14 9.51484e-07 727.843 cn vit
0.00860218 0.00996794 6224.04 820646 7.185 4.61986e-05 30310.3 3.36366e-07 288.807 3.76117e-07 344.307 cn vit
0.0162199 0.0204693 8859.1 1.18897e+06 6.49235 5.10485e-05 31125.9 6.16205e-07 578.045 7.10129e-07 702.927 sn vit
0.00448964 0.00569423 5009.98 652764 20.2437 4.67345e-05 30741.9 1.54304e-07 159.487 1.89008e-07 208.35 sn vit
0.00680121 0.00891555 6228.61 771192 19.7098 4.75436e-05 30447.1 2.1682e-07 219.481 2.82959e-07 288.221 cn ac
0.00861124 0.00983252 7972.47 1.10052e+06 8.63888 5.15345e-05 30071.8 3.84808e-07 272.835 4.27618e-07 314.93 sn vit
0.00289661 0.00327574 8342.28 1.12192e+06 19.5965 4.74691e-05 30523.1 1.1571e-07 82.474 1.29508e-07 93.4964 sn vit
0.00915828 0.0109359 13029.8 1.72951e+06 9.6594 4.95703e-05 29564.1 4.0159e-07 274.233 4.63642e-07 332.319 cn vit
0.00434663 0.00579321 8626.53 1.09701e+06 31.0633 4.72339e-05 31143 1.46488e-07 130.259 1.94937e-07 173.571 sn ac
0.00669575 0.00836107 24329.3 3.0617e+06 12.4873 4.58464e-05 30830 2.71667e-07 211.044 3.28822e-07 267.934 sn vit
0.00454632 0.0057221 11173 1.42483e+06 27.3289 4.65936e-05 31245.1 1.49572e-07 142.796 1.87539e-07 180.121 cn vit
0.00599603 0.00763989 9306.52 1.15813e+06 21.0279 4.69685e-05 30973.7 1.91865e-07 192.941 2.43636e-07 246.385 cn vit
0.00432731 0.00580145 6684.97 835009 31.8476 4.8233e-05 30539.5 1.45179e-07 129.919 1.94743e-07 173.95 sn ac
0.00115672 0.00137679 6935.04 941236 95.1106 4.88975e-05 30821.7 4.00098e-08 37.8865 4.84762e-08 45.2076 sn vit
0.00286991 0.0037822 4300.93 527435 51.7146 4.72953e-05 29648.6 9.09285e-08 91.2068 1.19886e-07 120.12 sn ac
0.00676863 0.00816642 9693.95 1.24005e+06 10.4226 4.62712e-05 31072.8 2.41331e-07 237.638 2.82133e-07 291.431 cn vit
0.00961905 0.0122264 5190.79 587779 13.9481 4.50322e-05 30191.1 3.01325e-07 316.019 3.81409e-07 403.062 cn ac
0.00964962 0.0127896 4250.17 422188 15.1186 4.45282e-05 28980.8 3.25282e-07 288.745 4.31035e-07 382.37 sn ac
0.00769816 0.00891906 5559.07 608736 9.63184 4.20925e-05 30053.1 2.67051e-07 241.986 3.06598e-07 280.891 sn vit
0.0194124 0.023502 7164.41 824872 4.95778 4.32133e-05 30203.6 7.07651e-07 643.94 8.3838e-07 788.834 sn vit
0.0203899 0.0738389 6548.32 821436 4.72203 4.80432e-05 30724 7.69979e-07 703.947 2.77661e-06 2153.05 sn vit
0.0476804 0.103545 18567.3 789015 4.79089 2.9043e-05 36670.2 1.27179e-06 1807.26 2.91281e-06 3721.27 sn hid
0.0130625 0.017489 4690.97 253004 12.0114 2.968e-05 35791.5 4.89632e-07 352.906 6.55859e-07 471.725 sn ac
0.0127102 0.0169034 6821.25 479041 10.753 2.97065e-05 36177.8 3.96751e-07 418.193 5.22861e-07 562.476 cn ac
0.0188731 0.0232719 5453.13 409874 5.82732 3.3661e-05 32501.9 6.5872e-07 567.189 8.02257e-07 705.859 cn vit
0.0067696 0.00891697 6824.14 537174 20.2413 3.00159e-05 36243.2 2.12116e-07 220.182 2.79588e-07 289.323 cn ac
0.00699115 0.00808086 7944.41 722743 11.6998 3.33792e-05 36229.2 2.58848e-07 222.485 2.9499e-07 259.811 sn vit
0.00657243 0.00740409 6044.81 592178 11.4581 3.69931e-05 34444.3 3.07727e-07 180.751 3.42068e-07 204.191 sn vit
0.00322265 0.00385546 7591.2 700282 26.0215 3.22645e-05 36620.7 1.19683e-07 97.6573 1.42263e-07 116.837 sn vit
0.00239371 0.00303578 8383.29 787264 52.8297 3.22867e-05 36616.3 9.08293e-08 64.2697 1.15119e-07 81.481 cn ac
0.0184294 0.0241626 13555.5 988901 9.11514 3.53284e-05 35625.2 5.42324e-07 709.468 6.91299e-07 939.769 sn vit
0.00489458 0.00604465 13206.9 1.46285e+06 18.1722 3.55584e-05 34472.7 1.96759e-07 132.957 2.38795e-07 165.984 cn vit
0.00280379 0.00354143 10509.3 1.13438e+06 38.5807 3.54928e-05 35516 1.49288e-07 74.0986 1.85991e-07 94.4741 sn ac
0.00292332 0.00364201 13908.3 1.54954e+06 40.7291 3.44155e-05 36096.9 1.23826e-07 71.978 1.53581e-07 89.9473 cn ac
0.00069233 0.00086193 13252.2 1.45393e+06 139.721 3.44037e-05 36148.1 2.848e-08 19.2703 3.51919e-08 23.8804 sn vit
0.00383719 0.00472839 14325.8 1.59932e+06 28.7878 3.46459e-05 35865.7 1.4363e-07 109.93 1.74665e-07 136.442 cn vit
0.00241066 0.00306944 10688.1 1.06936e+06 58.4728 3.16687e-05 36755.7 7.91602e-08 74.4362 1.00892e-07 94.5364 cn ac
0.00329969 0.00419645 11278.5 1.14374e+06 38.75 3.25556e-05 36176.2 1.08129e-07 103.461 1.37624e-07 131.313 cn ac
0.00196698 0.00229577 13934.2 1.56002e+06 35.2434 3.51178e-05 35687.3 8.22969e-08 56.4699 9.47409e-08 65.7311 sn vit
0.00563278 0.00723466 12525.4 1.43551e+06 10.7379 3.52398e-05 35987.3 2.05526e-07 216.543 2.30484e-07 268.089 sn vit
0.00511063 0.00662786 6732.43 532269 27.1213 3.04247e-05 35854.1 1.62721e-07 162.486 2.10681e-07 210.662 sn ac
0.00486662 0.00598524 8292.45 784616 16.1314 3.11873e-05 36523.8 1.65065e-07 175.029 1.98598e-07 218.48 sn vit
0.0192345 0.0252587 12130.9 1.13229e+06 6.33482 3.26455e-05 39098.1 4.7213e-07 908.729 5.99694e-07 1211.93 sn vit
0.0089236 0.0107427 6261.36 578599 8.84966 3.50156e-05 34638.8 3.39859e-07 294.338 4.00601e-07 359.463 sn vit
0.00938191 0.0112241 8530.02 776907 8.50253 3.322e-05 35012.7 3.32665e-07 302.397 3.8924e-07 366.857 sn vit
0.0247619 0.0328382 2277.3 127891 6.06771 3.44416e-05 30979.4 9.74489e-07 635.392 1.29288e-06 841.26 sn ac
0.0167313 0.0217433 5043.72 589101 6.14205 4.26145e-05 30211.4 6.04186e-07 543.623 7.03831e-07 656.471 sn vit
0.0213705 0.0257531 5952.61 658170 5.23688 4.36162e-05 28864.6 8.56211e-07 633.601 1.00691e-06 772.427 sn vit
0.00857175 0.0100303 6621.73 795763 8.3518 4.0907e-05 31781.9 3.05176e-07 292.576 3.47925e-07 347.542 cn vit
0.0109052 0.0124535 5200.7 642294 6.08987 4.3753e-05 30405.3 4.45941e-07 348.168 5.00928e-07 400.266 sn vit
0.00754552 0.00971453 6054.49 651964 15.4368 3.97172e-05 30971 2.30915e-07 254.757 2.95237e-07 330.331 cn vit
0.00516404 0.0060325 8459.21 1.06904e+06 11.1835 4.08141e-05 31896.9 1.92347e-07 178.028 2.17357e-07 212.784 sn vit
0.00290991 0.00382448 6027.98 722699 47.6856 4.10327e-05 31093.8 9.47199e-08 90.3874 1.24669e-07 118.502 cn ac
0.00658901 0.00750228 5745.42 694603 12.8287 4.20394e-05 29608.8 2.70675e-07 187.195 3.06914e-07 212.657 sn vit
0.00782906 0.0104465 5453 602561 20.6863 4.31076e-05 28545 3.42152e-07 182.437 4.54527e-07 243.816 sn vit
0.00323153 0.00420679 6525.19 790219 41.096 4.06605e-05 30946.7 1.32005e-07 80.6915 1.71893e-07 104.657 sn ac
0.0135746 0.0179086 20522.5 2.25358e+06 10.2274 3.60313e-05 35200.2 3.12802e-07 608.23 4.09615e-07 806.771 sn hid
0.00137716 0.00181169 13327.2 1.75788e+06 105.436 4.02359e-05 32946.4 5.80954e-08 33.0436 7.63571e-08 43.407 sn ac
0.00114247 0.00151107 14857.7 1.92377e+06 127.063 3.94487e-05 33224 4.87432e-08 27.6141 6.44506e-08 36.4777 sn ac
0.00177311 0.00226684 12437.8 1.61427e+06 79.5598 4.02124e-05 32683.5 6.77485e-08 47.3612 8.67361e-08 60.3949 cn ac
0.00150459 0.00198353 10982 1.40061e+06 86.5777 3.98966e-05 32655.3 5.10504e-08 45.7129 6.7286e-08 60.266 cn ac
0.00252902 0.00312467 10368.9 1.3186e+06 34.7438 4.1024e-05 31963.3 8.05506e-08 87.032 9.91974e-08 108.136 sn vit
0.00621626 0.00765486 21783.1 2.68816e+06 14.3593 4.08531e-05 32532.8 2.40519e-07 204.271 2.88293e-07 255.125 sn vit
0.00123709 0.00164447 7261.56 910969 109.45 4.15179e-05 31272.5 4.20553e-08 36.5496 5.60156e-08 48.4641 sn ac
0.00141937 0.00183075 6769.59 835954 93.1924 4.16119e-05 31084.9 4.8822e-08 42.0871 6.27024e-08 54.4485 sn ac
0.00387356 0.00472515 12438.3 1.55079e+06 18.0685 4.01319e-05 32642.3 1.40473e-07 132.53 1.67106e-07 163.665 sn vit
0.00640251 0.00802839 10836.9 1.43089e+06 11.3833 4.15935e-05 32536.2 2.12591e-07 256.4 2.54023e-07 333.25 sn vit
0.00503836 0.00641989 4620.35 515548 27.3352 4.0157e-05 30875.9 1.58352e-07 163.315 2.02533e-07 207.005 cn ac
0.00822919 0.0107979 6178.23 640199 16.3756 4.03741e-05 30484.3 2.7546e-07 249.243 3.60427e-07 327.374 cn vit
0.00952366 0.0114356 6946.02 887977 7.68348 4.1479e-05 32527.5 3.23767e-07 359.747 3.73349e-07 442.09 cn vit
0.0108351 0.0128753 6815.89 748827 7.22575 3.98285e-05 31747 4.11545e-07 344.842 4.79873e-07 415.242 sn vit
0.0186863 0.0218445 6190.74 738264 5.00012 4.27015e-05 30625.8 7.2131e-07 591.402 8.31613e-07 698.043 sn vit
0.0147229 0.0267884 722.563 78434.9 10.66 6.81263e-05 24301.4 8.09754e-07 325.892 1.53435e-06 575.364 sn vit
0.0254091 0.0584533 2824.88 243459 9.60929 5.36209e-05 24514.3 1.10068e-06 604.972 2.49663e-06 1394.27 sn atre
0.00513746 0.0098535 2567.96 276130 32.6584 5.3067e-05 25085.5 2.1718e-07 139.949 4.21595e-07 264.594 sn atre
0.020859 0.0328039 938.243 99194.1 7.04307 6.77785e-05 25851.1 8.92084e-07 517.847 1.38699e-06 822.553 cn ac
0.0184617 0.030977 2285.9 222025 9.82181 5.40577e-05 24776.2 9.23696e-07 401.576 1.56886e-06 664.268 sn vit
0.0105043 0.0223963 3108.31 353166 19.1119 4.95496e-05 26992.2 4.3642e-07 274.013 9.19946e-07 594.083 sn vit
0.00188331 0.00316165 2866.5 314652 75.2498 5.19081e-05 25163 7.99643e-08 46.3649 1.34746e-07 77.2841 sn vit
0.0230654 0.038081 1558.12 138164 6.32099 5.47463e-05 25826.6 9.50752e-07 586.536 1.58369e-06 956.897 cn ac
0.0454573 0.085435 1571.17 108472 4.66649 5.09402e-05 24776 2.036e-06 1061.79 3.83461e-06 1981.4 sn ac
0.020991 0.0341669 1913.26 175823 6.93329 5.45298e-05 25179.2 1.07933e-06 459.955 1.8235e-06 725.827 cn atre
0.0133431 0.0225797 7999.69 991918 8.23544 4.14835e-05 30202.1 3.72176e-07 541.928 5.91679e-07 966.327 sn atre
0.00812065 0.016832 4825.49 581653 20.91 4.58869e-05 28009.4 2.38669e-07 294.538 4.40703e-07 543.488 sn atre
0.00475845 0.00764781 4441.04 500233 31.9212 4.80304e-05 26433.4 1.66504e-07 141.669 2.67839e-07 227.605 cn ac
0.00449851 0.00629678 3661.78 435071 24.8767 4.8694e-05 26654.4 1.50068e-07 150.839 2.18083e-07 207.263 sn atre
0.00378329 0.00604065 3905.85 465291 35.3279 4.79811e-05 26948.3 9.20947e-08 162.592 1.41176e-07 270.723 sn atre
0.00518534 0.010512 3618.84 433296 53.7501 4.90497e-05 26540 2.02398e-07 133.628 4.09037e-07 271.69 sn ac
0.00286938 0.00439378 4852.5 626509 49.1913 4.50812e-05 28910.1 7.49849e-08 113.114 1.1335e-07 175.327 sn atre
0.00493689 0.00808453 4039.73 509477 28.8953 4.71244e-05 27930 1.88109e-07 143.522 3.07896e-07 234.283 sn atre
0.0109132 0.0259618 4041.76 429989 23.3176 4.73147e-05 28101.7 5.07887e-07 240.235 1.19669e-06 574.523 sn vit
0.0130551 0.0233405 14127.1 1.69844e+06 9.81034 3.86901e-05 32115.3 4.15102e-07 470.993 7.16675e-07 855.941 sn atre
0.00803193 0.0167834 6246.92 784351 28.4062 4.51284e-05 28931.4 4.92536e-07 139.391 1.02783e-06 291.756 cn atre
0.00272675 0.00413381 7065.64 876066 58.4087 4.27503e-05 30524.8 9.79184e-08 78.4214 1.48393e-07 119.025 sn atre
0.00128671 0.00204772 8506.31 1.05334e+06 116.089 4.11315e-05 31421.8 4.69361e-08 37.2887 7.23201e-08 62.0882 sn atre
0.0027303 0.00525039 11022.1 1.3645e+06 58.9187 3.9793e-05 31783.3 1.02697e-07 85.6254 1.84218e-07 175.343 sn vit
0.00361221 0.0072406 7470.44 900673 67.3898 4.33644e-05 30033 1.95638e-07 70.0927 3.89835e-07 141.298 cn ac
0.00126628 0.00219574 11428.1 1.44055e+06 133.23 3.99686e-05 31669.9 6.05856e-08 28.1691 1.07895e-07 48.1558 sn vit
0.0016489 0.00280256 12175.6 1.52693e+06 103.451 3.99199e-05 31498.5 5.50553e-08 53.5465 8.98932e-08 94.1193 sn atre
0.0025356 0.00425714 14992.8 1.91725e+06 56.1657 4.03848e-05 31129.2 1.43425e-07 50.7982 2.45638e-07 84.1335 sn vit
0.00216792 0.00436177 9145.98 1.14266e+06 94.9393 4.27008e-05 29613 9.9618e-08 50.4432 2.01825e-07 101.244 sn ac
0.00385874 0.00725904 6455.59 770464 58.3468 4.53957e-05 27745.8 1.53534e-07 99.1345 2.90592e-07 184.885 cn ac
0.00514583 0.0109525 5441.9 635465 46.9033 4.67943e-05 27016.2 1.91331e-07 142.148 4.0648e-07 302.843 cn ac
0.00291593 0.00389594 4858.66 593603 46.0942 4.68181e-05 27310.6 7.3751e-08 118.252 9.80427e-08 158.782 sn atre
0.000808388 0.00127816 5267.72 638068 141.291 4.70418e-05 27085.7 3.39258e-08 21.5647 5.28637e-08 34.4147 sn vit
0.00729326 0.0145307 2846.19 310614 29.4833 5.19737e-05 25280.4 2.95949e-07 185.261 5.82141e-07 370.833 sn ac
0.00469815 0.00901384 4245.1 483459 42.0671 4.86565e-05 26191 1.6761e-07 136.894 3.17962e-07 264.853 sn ac
0.00358327 0.00727351 4650.38 560391 46.3433 4.8219e-05 26519.1 1.30186e-07 120.998 2.60188e-07 254.492 sn vit
0.00259478 0.00402892 1714.91 197940 46.3687 5.39097e-05 26195.5 7.7022e-08 94.2072 1.16325e-07 150.983 sn atre
0.00868407 0.018116 3523.48 385408 26.9142 5.08127e-05 25313.4 3.23121e-07 240.777 6.65472e-07 508.86 sn ac
0.0219047 0.0414953 1464.06 138805 8.87537 5.61254e-05 25534.5 9.03192e-07 543.424 1.70597e-06 1029.47 cn ac
0.0309767 0.0697836 1826.07 153369 8.52326 5.43706e-05 25496.9 1.30318e-06 753.399 2.92705e-06 1700.49 cn ac
0.0148967 0.0235867 2198.53 225799 9.61346 5.08242e-05 26553.4 5.48508e-07 436.684 8.69811e-07 688.155 sn atre
0.016217 0.0226149 2956.55 285484 7.83516 5.4061e-05 25905.3 6.05976e-07 461.517 8.42362e-07 646.039 sn atre
