0.0244234 0.0303478 5364.89 388443 5.57205 5.44476e-05 20688.3 1.34002e-06 508.387 1.65233e-06 636.585 sn vit
0.0113416 0.0152225 1529.09 75669.9 11.1104 4.82108e-05 21961.1 5.4935e-07 240.865 7.40588e-07 321.542 sn vit
0.0126864 0.0166071 5654.48 354068 10.0614 5.06944e-05 21730.5 6.26586e-07 289.843 8.05443e-07 384.592 sn vit
0.0129254 0.0177472 3440.26 224538 11.6753 5.19593e-05 21140.8 6.5399e-07 262.14 8.94536e-07 361.164 cn vit
0.0069481 0.00928516 5473.4 349159 16.9381 5.09471e-05 21527.9 3.68748e-07 134.852 4.9069e-07 180.603 sn vit
0.006184 0.00756072 7449.87 522543 13.8224 5.34127e-05 21196 3.56544e-07 126.157 4.2913e-07 155.84 sn vit
0.0129366 0.0173758 3022.69 202246 10.4292 5.23321e-05 20857.4 6.75547e-07 257.488 8.97135e-07 348.822 cn vit
0.0114082 0.0152664 8180.85 582623 9.50664 5.42353e-05 20896.2 6.32948e-07 239.25 8.24742e-07 325.537 cn vit
0.0155947 0.0225031 1829.76 110488 10.6577 5.1249e-05 20952.9 8.75587e-07 279.878 1.2632e-06 403.472 sn ac
0.0270239 0.0421069 3892.43 282087 4.79699 5.48396e-05 20605.7 1.47917e-06 565.678 2.12983e-06 945.415 sn vit
0.0045324 0.00577742 12804 864262 23.9215 5.26123e-05 21217.4 2.34669e-07 95.0434 2.94204e-07 122.609 cn vit
0.00324519 0.00466622 11635.5 736973 51.5699 5.13316e-05 21683.7 1.55731e-07 69.3606 2.23386e-07 99.8557 cn ac
0.00234646 0.00321116 8268.99 477188 60.4003 5.00181e-05 22026.1 1.46849e-07 39.1135 2.03256e-07 52.7112 sn atre
0.00655417 0.00830284 17112.1 1.08851e+06 16.2175 5.09215e-05 22080.6 3.30088e-07 149.682 4.10185e-07 192.342 sn vit
0.00419102 0.00538638 19847.5 1.2372e+06 31.7919 5.00822e-05 22392.5 1.96082e-07 100.456 2.48995e-07 130.394 sn vit
0.00575017 0.00744864 22681.1 1.51283e+06 20.3191 5.19241e-05 21712.7 2.71944e-07 137.523 3.47143e-07 179.841 cn vit
0.001246 0.00177145 13695.1 909820 149.012 5.24372e-05 21412.2 6.72036e-08 23.2202 9.52864e-08 33.0817 sn ac
0.00202023 0.00265932 23127.9 1.54865e+06 59.1949 5.21225e-05 21561.2 1.01559e-07 41.6885 1.33346e-07 54.8658 cn vit
0.00115474 0.00144273 24833.2 1.6996e+06 96.6698 5.27047e-05 21510.4 5.68048e-08 26.338 7.00278e-08 33.3349 sn vit
0.00287191 0.00347752 30754.1 2.17388e+06 33.2326 5.33005e-05 21323.2 1.55357e-07 60.4538 1.88421e-07 73.136 cn vit
0.00150595 0.00202584 20947.6 1.43578e+06 106.877 5.33551e-05 21236.5 7.69523e-08 29.8279 1.03804e-07 40.0151 cn ac
0.00195764 0.00266217 15861.3 1.08892e+06 79.0477 5.30982e-05 21165.1 1.08057e-07 36.1167 1.47615e-07 48.7734 sn ac
0.00203675 0.00260032 17044.6 1.18248e+06 65.1995 5.31815e-05 21146.9 1.17503e-07 36.2817 1.50729e-07 45.9988 sn vit
0.00626944 0.00805112 20021.3 1.39938e+06 16.9646 5.32218e-05 21084.8 3.40516e-07 133.045 4.27175e-07 173.939 cn vit
0.00274704 0.0036959 10244.1 683505 60.1714 5.2224e-05 21267.1 1.47472e-07 51.6752 1.98725e-07 69.2984 sn ac
0.00393981 0.00573834 9975.15 669895 43.7585 5.2411e-05 21201.9 2.08416e-07 75.8441 3.03083e-07 110.498 cn ac
0.00678362 0.00839659 16673.7 1.1836e+06 14.3104 5.36268e-05 21005.2 3.86438e-07 140.125 4.72708e-07 175.035 sn vit
0.00297203 0.00360554 9193.1 640323 26.3566 5.27625e-05 21123.9 1.72816e-07 57.2139 2.05658e-07 70.4017 sn vit
0.00681266 0.010008 9461.67 656314 13.4971 5.35842e-05 21181.3 4.12023e-07 131.771 5.05721e-07 162.753 sn vit
0.0143652 0.0201701 2805.11 177446 11.3365 5.21318e-05 20768.8 7.90628e-07 265.635 1.10879e-06 373.144 cn ac
0.0128616 0.0163207 4746.58 341795 7.80973 5.40703e-05 20687.3 7.17609e-07 266.065 9.02283e-07 340.49 sn vit
0.020367 0.0256023 4164.1 292764 5.87324 5.34905e-05 20784.2 1.10923e-06 425.78 1.3799e-06 540.466 sn vit
0.0234427 0.0306956 3294.33 228778 5.45369 5.29555e-05 20773.4 1.19707e-06 499.889 1.53466e-06 664.964 sn vit
0.012657 0.016232 4807.5 364495 9.21773 5.70286e-05 20272.1 8.54485e-07 241.088 1.08437e-06 313.146 sn vit
0.0161444 0.0203843 1732.09 122548 7.09249 6.02304e-05 20288.8 9.63346e-07 312.212 1.22006e-06 392.031 sn vit
0.0130757 0.0164382 3334.59 235453 9.39393 6.04268e-05 20043.3 7.86463e-07 235.776 9.846e-07 295.956 sn vit
0.0288753 0.234207 1699.39 106679 5.41189 5.49178e-05 21038.4 1.5317e-06 578.197 1.29193e-05 4291.01 sn vit
0.00963975 0.0132668 3892.03 222124 15.9468 5.37538e-05 21607.6 5.13071e-07 185.944 7.0344e-07 256.607 cn ac
0.0126079 0.0168153 3840.29 239427 9.4536 5.44555e-05 21193.4 6.74507e-07 247.437 8.8986e-07 332.25 cn vit
0.0110996 0.0138493 3655.71 242972 7.97144 5.73966e-05 20734 6.40055e-07 213.24 7.87256e-07 266.355 sn vit
0.0177668 0.0246671 8339.88 534188 8.76695 6.79937e-05 20540 1.23227e-06 405.349 1.63123e-06 576.1 sn vit
0.00475293 0.00612648 7305.24 495143 19.7342 6.09169e-05 20672.2 2.78598e-07 91.68 3.50168e-07 119.317 cn vit
0.00834475 0.0117394 10505 605554 17.8444 6.11234e-05 21224.9 5.93302e-07 183.249 8.0576e-07 263.252 sn vit
0.00389776 0.00524216 7759.96 479783 38.4861 5.78884e-05 21208.2 2.0385e-07 77.283 2.74147e-07 103.717 cn ac
0.00671386 0.00874986 12882.6 866618 14.7074 6.22023e-05 20924.9 4.40024e-07 147.705 5.535e-07 195.074 cn vit
0.00617894 0.00802068 17317.5 1.24112e+06 16.2927 6.31637e-05 20726.9 4.5674e-07 131.06 5.765e-07 172.894 cn vit
0.00224852 0.00297925 10469 706535 62.7407 6.02561e-05 20694.3 1.7583e-07 36.017 2.3502e-07 47.1933 sn vit
0.00122732 0.00146616 16857.8 1.14498e+06 81.5095 6.05075e-05 20776.3 7.04275e-08 23.2529 8.2604e-08 28.1219 sn vit
0.00383765 0.00486324 23123 1.68709e+06 27.3903 6.17645e-05 20800.9 2.38201e-07 84.1926 2.99211e-07 107.348 sn vit
0.00179377 0.0022783 21012.4 1.3866e+06 77.9213 5.8429e-05 20895.4 9.71592e-08 34.1863 1.23145e-07 43.5121 cn vit
0.00214673 0.00283885 19802 1.30411e+06 50.9266 5.84702e-05 20931.2 1.11029e-07 43.9829 1.44038e-07 58.8716 cn vit
0.000772847 0.00103942 16577 1.09689e+06 179.466 5.98163e-05 20829.1 4.21807e-08 14.3039 5.68297e-08 19.2047 sn ac
0.0020105 0.00259572 19020.2 1.24638e+06 55.6994 5.8632e-05 20953 1.0754e-07 40.2703 1.36733e-07 52.5081 cn vit
0.00301744 0.00424207 13385.6 829579 46.08 5.85345e-05 21126.3 1.60595e-07 58.5222 2.25109e-07 82.2946 cn ac
0.006049 0.00910946 15189.5 849509 28.1919 5.77045e-05 21530.1 2.63493e-07 156.82 3.86864e-07 238.27 sn vit
0.00348194 0.00440368 14502.6 944321 25.8611 6.09748e-05 20821.3 2.53064e-07 71.3277 3.21241e-07 90.3228 sn vit
0.00372671 0.00488379 6654.02 402642 28.0232 5.66013e-05 21253.2 2.13731e-07 69.1658 2.77474e-07 90.7749 sn vit
0.0118889 0.0160143 11972.2 826312 9.00823 6.57301e-05 20560.9 8.81035e-07 246.034 1.17707e-06 334.542 cn vit
0.0103285 0.0132969 4896.15 297659 11.9161 5.48592e-05 21244.4 5.94011e-07 187.024 7.63558e-07 240.165 sn vit
0.0335768 0.0480549 11037.8 437575 5.33054 5.34325e-05 22572.8 1.54276e-06 842.419 2.14562e-06 1217.46 sn vit
0.0149042 0.0186516 1695.94 110425 7.69596 5.55182e-05 20708.6 8.27056e-07 280.524 1.02951e-06 351.186 sn vit
0.0391422 0.0686224 716.614 35852.1 4.69775 5.242e-05 21823.8 1.88375e-06 846.317 3.39353e-06 1431.36 sn vit
0.0168772 0.0217399 1928.3 139969 9.60356 2.88592e-05 37588.1 5.0062e-07 582.129 6.4465e-07 748.709 sn vit
0.0167508 0.0219675 1914.39 138633 8.89845 2.83277e-05 38271.9 4.97479e-07 577.836 6.5306e-07 756.289 cn ac
0.00491791 0.00661936 2155.17 172228 26.5662 2.80451e-05 39322.7 1.32394e-07 194.867 1.78328e-07 260.931 sn vit
0.00444271 0.00585069 5237.51 381481 31.0501 2.70305e-05 40548.5 1.23602e-07 167.276 1.63244e-07 219.702 sn vit
0.00591342 0.00727978 3320.56 245588 13.4397 2.81052e-05 40135.5 1.85249e-07 222.266 2.27838e-07 274.226 sn vit
0.00639577 0.00839946 4553.23 320665 21.1039 2.7294e-05 40569.6 1.81741e-07 230.383 2.37961e-07 303.088 cn vit
0.00687479 0.00885465 4463.89 328700 15.4204 2.75202e-05 40368.9 1.86458e-07 264.189 2.37573e-07 343.011 cn vit
0.00874553 0.0110113 2331.56 184581 14.0742 2.94509e-05 38889.6 3.46761e-07 272.827 4.54657e-07 339.436 cn vit
0.00549577 0.00701001 6799.84 474516 22.1896 2.68085e-05 40966 1.55626e-07 198.94 1.98087e-07 254.016 cn vit
0.00322657 0.0039941 8062.35 510060 28.5377 2.70353e-05 41692.8 9.88848e-08 129.029 1.21337e-07 160.709 sn vit
0.00397873 0.00548406 8512.61 538615 35.5877 2.62561e-05 41868.2 1.02964e-07 156.995 1.42431e-07 215.276 cn ac
0.00260523 0.00361702 6613.96 463550 51.1499 2.68338e-05 40928.2 7.47804e-08 92.0832 1.04514e-07 126.712 sn ac
0.00383557 0.00452109 5436.49 471355 20.5719 2.8894e-05 38782.4 1.25502e-07 139.811 1.45425e-07 166.727 sn vit
0.0135815 0.017526 2589 204338 15.081 2.84613e-05 38233.4 3.91847e-07 479.986 5.06852e-07 617.519 sn ac
0.00430203 0.00525204 5203.41 446849 19.8929 2.90232e-05 38733.8 1.34112e-07 156.127 1.61838e-07 191.935 sn vit
0.00404923 0.00518439 8155.49 663839 26.9496 2.79722e-05 39835.4 1.11347e-07 153.308 1.41258e-07 197.664 cn vit
0.00145768 0.00181288 13086.5 983832 63.0522 2.76198e-05 40482.8 4.58853e-08 52.4979 5.6906e-08 65.0372 sn vit
0.0022802 0.00292724 10693.7 714307 46.3837 2.69856e-05 41420.8 7.16934e-08 92.0539 8.9725e-08 120.426 sn vit
0.00696848 0.00869733 6682.34 609064 17.6367 2.97161e-05 38408.2 2.04892e-07 272.352 2.50087e-07 343.588 sn vit
0.0064732 0.00783072 5208.56 502083 16.4043 3.10821e-05 37531.8 2.27977e-07 245.301 2.76253e-07 298.87 sn vit
0.00421665 0.00525649 14239.3 1.23609e+06 21.115 2.92319e-05 39658.6 1.36336e-07 169.289 1.67362e-07 213.603 cn vit
0.00210132 0.00258202 12947.6 1.06889e+06 38.2232 2.83993e-05 40016.2 6.32494e-08 80.1768 7.64325e-08 99.0168 sn vit
0.00210571 0.0026693 15890.2 1.32855e+06 53.7448 2.85734e-05 39883.1 5.8908e-08 79.629 7.40733e-08 101.151 cn vit
0.000980076 0.00123485 14960.4 1.19688e+06 123.796 2.81427e-05 40221.6 2.83944e-08 34.6255 3.57704e-08 43.5335 sn ac
0.00077952 0.00095514 18764.5 1.54281e+06 110.959 2.84981e-05 40100.4 2.19348e-08 29.9182 2.64412e-08 37.0792 sn vit
0.000875185 0.00108196 21288.1 1.80083e+06 151.239 2.8824e-05 39692.9 2.42081e-08 31.9822 2.99561e-08 39.46 sn ac
0.00197458 0.00251074 21129.9 1.79124e+06 49.5624 2.87975e-05 39638 5.65257e-08 75.2356 7.09513e-08 96.2965 cn vit
0.00287881 0.0036354 20990 1.81249e+06 30.4758 2.91054e-05 39468.8 8.98318e-08 117.027 1.09631e-07 150.293 cn vit
0.00330844 0.00415881 16544.3 1.31074e+06 29.4123 2.7794e-05 40271.5 9.49471e-08 135.118 1.16151e-07 171.842 cn vit
0.00341469 0.00444335 20926.3 1.74599e+06 27.2227 2.87065e-05 40167.6 1.08675e-07 142.361 1.36865e-07 188.84 cn vit
0.00476841 0.00603172 11403.8 779329 17.413 2.72657e-05 41226.3 1.43773e-07 188.894 1.78471e-07 242.981 cn vit
0.00295128 0.00408538 9300.47 564546 47.0535 2.65897e-05 41814.2 9.97388e-08 108.667 1.37931e-07 151.326 sn vit
0.00267578 0.00332709 7753.88 505119 41.8032 2.74954e-05 41339.4 1.16511e-07 91.7181 1.49058e-07 113.357 sn vit
0.00531181 0.00713354 6853.4 475417 22.3901 2.69651e-05 40940.8 1.47925e-07 198.08 1.97257e-07 267.274 cn vit
0.0020615 0.00278786 10098.9 676394 72.6681 2.65045e-05 41453.1 6.06022e-08 71.9751 8.262e-08 97.1408 sn ac
0.00586893 0.00727205 6454.72 489565 13.8164 2.8373e-05 40186 1.87957e-07 218.796 2.28912e-07 272.873 cn vit
0.0072551 0.00891713 6615.95 511868 11.9118 2.88619e-05 39820.3 2.32225e-07 287.161 2.85065e-07 353.387 sn vit
0.0230096 0.0314689 1186.11 78420.6 6.30054 2.71716e-05 39892 6.57836e-07 817.994 9.01803e-07 1115.49 cn ac
0.0173519 0.022243 1618.12 122761 8.05829 2.85623e-05 38204.1 5.11948e-07 600.596 6.56452e-07 769.433 cn ac
0.00923134 0.0121448 3144.6 253469 14.8007 2.82641e-05 39162.9 2.58159e-07 341.522 3.41647e-07 445.289 cn ac
0.0111835 0.0136553 4119.42 377684 7.85656 3.11922e-05 37273.9 3.89152e-07 412.278 4.63174e-07 513.261 sn vit
0.0028441 0.00354726 7412.41 598865 27.9423 2.83238e-05 39853.2 1.04545e-07 105.324 1.29652e-07 132.004 sn vit
0.0050856 0.00643517 14356.8 1.14158e+06 17.5006 2.85427e-05 40277.4 1.76702e-07 199.905 2.22036e-07 255.43 cn vit
0.00535465 0.00790447 16413.6 1.30359e+06 19.1144 2.81003e-05 40453.4 1.6701e-07 221.59 2.19145e-07 295.244 cn vit
0.0249168 0.0344692 2720.77 142491 6.77185 5.52471e-05 20786.6 1.20131e-06 527.689 1.66194e-06 729.628 cn vit
0.00617832 0.00846068 5083.52 318449 24.2353 5.81185e-05 20605.6 3.03451e-07 128.968 4.16834e-07 175.888 cn ac
0.00430774 0.00567646 5452.78 348089 35.4752 5.86438e-05 20709.6 2.26063e-07 83.9897 2.98567e-07 110.383 cn ac
0.012697 0.0177538 2527.74 166204 13.0436 5.72524e-05 20418.1 6.10702e-07 294.634 8.40624e-07 415.923 sn vit
0.00621809 0.00848457 5087.48 327294 26.5308 5.88924e-05 20569 3.06906e-07 128.87 4.19056e-07 175.594 cn ac
0.00339158 0.00410953 6450.83 422604 29.8266 5.86018e-05 20611.1 1.88169e-07 64.3248 2.26457e-07 78.152 sn vit
0.0186252 0.0234716 4044.67 295638 5.65685 6.63541e-05 20040 1.24887e-06 389.997 1.54881e-06 496.678 sn vit
0.00729608 0.00949362 11499.2 805337 13.3248 6.36394e-05 20443.3 5.44435e-07 151.76 6.87759e-07 200.544 cn vit
0.0118828 0.0179782 15228.5 895115 15.5643 5.71257e-05 21442.5 4.83538e-07 320.01 7.12611e-07 486.728 sn vit
0.00326945 0.00421146 16605 1.14514e+06 29.3231 5.86373e-05 20961 1.7357e-07 71.097 2.18512e-07 92.5519 cn vit
0.00504699 0.00667068 22550.5 1.52364e+06 19.5735 6.13044e-05 20905.3 3.67082e-07 107.679 4.72057e-07 144.355 cn vit
0.00304118 0.0040427 16348.6 993647 40.6551 5.68989e-05 21162.2 1.58378e-07 61.2324 2.07573e-07 82.1277 cn vit
0.00118233 0.00156559 11175.5 697665 98.2189 5.73033e-05 21016.2 7.32752e-08 22.5228 9.62315e-08 29.8304 sn vit
0.00196618 0.00253473 23146.8 1.36333e+06 67.9666 5.7439e-05 21364.3 1.06051e-07 37.2325 1.37226e-07 47.7409 cn ac
0.00634234 0.0081658 4632.09 290614 21.0357 5.78045e-05 20529.2 3.35973e-07 122.857 4.34546e-07 157.257 sn vit
0.0044402 0.00598037 3283.47 203743 29.4281 5.79304e-05 20351.6 2.64401e-07 82.9004 3.54935e-07 111.701 sn vit
0.0294221 0.0395527 6941.66 431997 4.77076 6.12355e-05 21199.9 1.70479e-06 685.248 2.23236e-06 934.468 sn vit
0.0032131 0.00414653 22059 1.36034e+06 32.7878 5.99375e-05 21164.1 2.36584e-07 68.3039 3.02515e-07 88.939 sn vit
0.00473147 0.00613105 17956.3 1.14768e+06 20.9833 6.04112e-05 21045.8 3.39045e-07 101.104 4.26313e-07 133.31 sn vit
0.0189 0.0247629 7234.92 401030 7.40931 5.62945e-05 21132.9 1.04817e-06 399.782 1.33625e-06 534.794 sn vit
0.0141951 0.018075 10277.5 427069 7.81595 5.18063e-05 22460.7 8.17578e-07 289.331 1.02408e-06 373.615 sn vit
0.00706382 0.0104821 7273.4 251325 25.0194 4.8537e-05 23404.9 4.04193e-07 124.449 5.99968e-07 184.326 sn ac
0.0143442 0.0181363 2938.72 162011 6.96732 5.45123e-05 21290.8 8.82011e-07 265.179 1.11664e-06 334.375 sn vit
0.0108445 0.0139877 6834.45 324516 9.3531 5.19137e-05 22062.6 6.20053e-07 202.876 7.93e-07 263.059 cn vit
0.0131879 0.0177505 3689.52 164177 9.01875 5.06944e-05 22447.3 6.84905e-07 282.349 9.09067e-07 383.235 sn vit
0.00433578 0.00527009 5346.72 142163 30.4891 4.46882e-05 24745.6 2.65352e-07 73.2318 3.22745e-07 88.8326 sn vit
0.0093438 0.0120028 10637.5 657475 9.94362 5.68347e-05 20732.2 5.7003e-07 182.355 7.19616e-07 237.045 cn vit
0.00155562 0.00217927 9203.26 431276 109.576 5.36718e-05 21952.3 9.57037e-08 25.4387 1.34257e-07 35.5556 sn ac
0.0103632 0.0129807 2750.33 178510 13.9405 5.74048e-05 20085.4 5.88838e-07 190.977 7.3652e-07 238.834 sn vit
0.00426417 0.00588175 3829.54 194922 35.2085 5.49786e-05 21523.9 2.47415e-07 75.4956 3.40578e-07 103.76 sn ac
0.0091831 0.0114257 13635.3 801917 12.1264 5.57786e-05 21200.2 5.22906e-07 188.762 6.4472e-07 236.403 cn vit
0.00962346 0.0123889 12782.6 827469 12.7389 5.58034e-05 21023.1 5.3126e-07 204.6 6.63671e-07 268.451 cn vit
0.00408231 0.00584794 5167.18 318831 38.875 5.53468e-05 20959.9 2.17453e-07 78.616 3.11979e-07 112.358 cn ac
0.00381071 0.00471197 17077.1 1.02493e+06 27.4925 5.52268e-05 21226 2.13138e-07 78.2619 2.57415e-07 98.8207 sn vit
0.00553284 0.00699755 14650.2 896855 17.6233 5.68525e-05 20799.8 3.21457e-07 113.103 3.95525e-07 145.544 sn vit
0.00129797 0.00179604 14555.1 880050 137.012 5.64791e-05 20856 7.77109e-08 21.7936 1.07772e-07 30.0827 sn ac
0.00238934 0.00297744 18869.7 1.25754e+06 38.6743 5.68819e-05 20549.3 1.3486e-07 45.7205 1.67853e-07 56.9921 cn vit
0.00311275 0.00411513 22286.8 1.46005e+06 33.194 5.61315e-05 20901.3 1.70171e-07 66.1306 2.22041e-07 88.7422 sn vit
0.000872061 0.00118539 21999.1 1.46263e+06 147.152 5.66676e-05 20710.1 4.96202e-08 15.8352 6.75006e-08 21.4307 sn ac
0.00188566 0.00239544 27330.2 1.89817e+06 56.6753 5.69434e-05 20587.9 9.91772e-08 41.4748 1.23696e-07 53.5428 sn vit
0.00148582 0.00200855 25190.2 1.74449e+06 96.793 5.70996e-05 20468.4 8.12444e-08 27.7946 1.09744e-07 37.5323 cn vit
0.00143814 0.0020087 21191.5 1.43283e+06 106.803 5.72083e-05 20385.4 8.48085e-08 24.8161 1.18518e-07 34.5891 cn ac
0.00285373 0.00362313 22659 1.56192e+06 32.6638 5.71909e-05 20435.4 1.59197e-07 60.1821 1.99343e-07 77.2206 sn vit
0.00367745 0.00470956 15804.7 988603 28.3838 5.61536e-05 20729.9 2.08455e-07 68.1114 2.65814e-07 87.4751 cn vit
0.00318383 0.00410712 25592.5 1.72515e+06 30.964 5.63736e-05 20775.3 1.71807e-07 68.2041 2.16661e-07 89.4382 cn vit
0.00256381 0.00341314 18187 1.1717e+06 46.2705 5.65749e-05 20586.6 1.48676e-07 45.6467 1.97664e-07 60.6454 cn vit
0.00189225 0.00276199 16378.5 996305 92.4552 5.58898e-05 20836.8 1.09401e-07 33.0014 1.60135e-07 47.9783 cn ac
0.00313734 0.00395388 18014.1 1.17739e+06 27.8521 5.6672e-05 20581.8 1.81218e-07 61.2074 2.24269e-07 78.0167 sn vit
0.00324991 0.00467716 10844.1 609141 50.4239 5.51656e-05 21190.6 1.94116e-07 55.1604 2.79593e-07 79.2778 cn ac
0.000627821 0.000925981 10610.1 575902 257.564 5.50578e-05 21343.2 4.20886e-08 9.43485 6.19918e-08 13.919 sn ac
0.00497188 0.00617575 13228.3 858457 16.0888 5.72852e-05 20537.9 3.23268e-07 92.6514 3.91099e-07 117.983 sn vit
0.00597055 0.00828669 9344.53 491465 25.5616 5.43232e-05 21469.1 3.59909e-07 101.146 4.97739e-07 140.676 cn ac
0.000830357 0.00106162 13059.7 762595 153.832 5.57682e-05 21047.7 4.98297e-08 14.5871 6.37363e-08 18.5985 sn vit
0.00532378 0.00653871 10255.1 590477 17.6723 5.56428e-05 21066.4 3.19688e-07 94.5155 3.9255e-07 115.72 cn vit
0.0122787 0.0151894 9880.92 540821 7.46796 5.59845e-05 21175.8 7.47523e-07 241.393 9.16044e-07 300.463 sn vit
0.00984098 0.0125044 10043.4 565360 9.09896 5.59029e-05 21177.2 5.89993e-07 195.031 7.3127e-07 253.076 sn vit
0.0204368 0.0254438 2700.04 185718 5.65029 5.68709e-05 20105.4 1.26582e-06 372.125 1.56484e-06 465.935 sn vit
0.0184563 0.0256174 2466.6 126315 8.4287 5.32135e-05 21035.5 1.09334e-06 315.84 1.52224e-06 436.227 sn ac
0.00577419 0.00727623 19609.9 1.27946e+06 16.6169 5.66486e-05 20763.8 3.27675e-07 119.542 4.04726e-07 153.026 sn vit
0.0177479 0.0230497 4362.42 345498 6.49016 7.06778e-05 19117.7 1.19996e-06 350.274 1.49771e-06 461.526 cn vit
0.0218267 0.027774 2604.74 227305 4.85466 7.52265e-05 18590.6 1.54312e-06 408.985 1.9017e-06 527.993 cn vit
0.0230954 0.0293779 1042.41 66930.7 5.14703 5.84352e-05 19670.6 1.36293e-06 412.251 1.7211e-06 525.715 sn vit
0.00706772 0.00881952 3944.38 332926 12.0834 6.9367e-05 18539.6 4.63193e-07 123.447 5.69365e-07 154.728 sn vit
0.00794758 0.0102907 2000.17 151839 19.8574 6.77313e-05 19069.8 5.60332e-07 118.086 7.3209e-07 151.605 sn ac
0.00404649 0.00518914 5265.92 431067 28.4711 6.90296e-05 18837.2 2.53732e-07 67.3282 3.24227e-07 86.3657 cn vit
0.00238064 0.00327785 3997.09 311729 63.092 6.97322e-05 19204 1.52884e-07 37.7781 2.11439e-07 51.612 sn ac
0.00525659 0.00687007 3997.62 313952 24.8543 6.94922e-05 19040.4 3.38073e-07 87.1893 4.4106e-07 113.424 sn vit
0.00714085 0.00903477 7496.42 614979 13.7289 7.24525e-05 19011.4 5.60856e-07 139.812 6.98238e-07 178.971 sn vit
0.00490142 0.00665629 5970.56 442601 26.949 6.78372e-05 19384.5 2.8511e-07 86.8337 3.88926e-07 117.654 cn ac
0.0131929 0.020037 13724.2 946566 10.6425 6.77215e-05 19571.9 7.36967e-07 311.149 1.0225e-06 460.363 sn vit
0.00469178 0.00596237 13050.3 1.04344e+06 18.8346 6.83205e-05 19224.2 3.15621e-07 94.825 3.91032e-07 122.192 cn vit
0.00351399 0.00477365 6018.87 463873 45.8328 6.76641e-05 19242 2.03687e-07 62.3676 2.76812e-07 84.6033 cn ac
0.00277459 0.00367431 9562.31 736756 44.0549 6.64727e-05 19141.1 1.59806e-07 50.5855 2.08914e-07 67.6532 cn vit
0.00446025 0.0057599 12065.3 963499 20.674 6.92884e-05 19421.6 2.81154e-07 93.4154 3.53251e-07 122.04 cn vit
0.0108007 0.0141502 14092.3 1.15451e+06 12.378 7.06877e-05 19591.4 7.16836e-07 241.225 9.12387e-07 320.447 cn vit
0.00114298 0.00164244 10619.6 846035 134.219 6.95467e-05 19327.8 6.65509e-08 20.1918 9.62845e-08 28.7179 sn ac
0.00258833 0.00321378 15013.4 1.211e+06 30.0634 6.93215e-05 19280.6 2.22101e-07 50.0364 2.71469e-07 63.0217 sn vit
0.00622059 0.00859616 26965 2.08793e+06 21.777 6.71159e-05 19896.2 3.18092e-07 156.085 4.25938e-07 218.485 sn vit
0.00101168 0.00125276 22952.2 1.80977e+06 102.87 6.65682e-05 19433.5 6.25426e-08 17.684 7.79284e-08 21.7685 sn vit
0.00417909 0.00520039 18246.5 1.42184e+06 20.2241 6.74853e-05 19453.1 3.44635e-07 82.6029 4.18744e-07 104.859 sn vit
0.00682978 0.00977622 26918.2 1.877e+06 21.5967 6.43187e-05 20131 3.25568e-07 173.914 4.55058e-07 251.313 sn vit
0.00154202 0.00193128 11190.5 856765 59.103 6.61133e-05 19220.6 9.53858e-08 27.7787 1.17618e-07 34.7529 sn vit
0.00124025 0.00155736 14401.7 1.09516e+06 78.3286 6.57264e-05 19391.5 7.98835e-08 20.8662 9.89072e-08 26.2841 sn vit
0.00213082 0.00283597 11258.2 847723 67.381 6.57581e-05 19317.4 1.16623e-07 40.3099 1.55193e-07 53.5876 cn ac
0.00430523 0.00602759 6700.66 510583 38.573 6.70191e-05 19367.1 2.36745e-07 81.3272 3.30452e-07 113.913 cn ac
0.00221543 0.00295697 4739.42 383052 55.9951 6.84262e-05 19074 1.39466e-07 37.9892 1.84232e-07 50.5248 sn vit
0.00808398 0.0104439 4277.59 347262 15.0575 6.73239e-05 19111.8 5.60151e-07 136.887 7.19914e-07 176.22 sn vit
0.00853985 0.0116491 2577.9 185277 18.4912 6.49921e-05 19650.2 4.8616e-07 153.438 6.63938e-07 208.897 cn ac
0.00315881 0.00385016 9829.73 749568 25.3567 6.79534e-05 19307.1 2.19404e-07 61.2884 2.64419e-07 75.4357 sn vit
0.0190998 0.0238459 3532.88 240584 6.85668 5.96609e-05 20494.2 1.12075e-06 378.519 1.36674e-06 481.294 sn vit
0.0125275 0.0252696 178.97 6033.25 15.6894 6.18222e-05 22842.3 6.67266e-07 269.193 1.33238e-06 548.434 sn vit
0.00786498 0.011053 3695.61 211998 20.6274 5.66613e-05 21239 4.88872e-07 128.082 6.89931e-07 179.068 sn ac
0.00629859 0.00943442 2483.43 100586 27.9975 5.2096e-05 23011.3 3.90596e-07 102.337 5.90281e-07 151.765 sn ac
0.0408775 0.0573664 1925.1 81705.1 5.20939 5.68918e-05 19925 2.47442e-06 682.979 3.48451e-06 954.341 cn ac
0.0132877 0.0168479 9476.46 654883 7.67766 5.7792e-05 20169.4 8.00358e-07 257.229 1.00671e-06 326.756 cn vit
0.0293885 0.0412623 1779.01 86787.4 5.97808 5.72304e-05 20718.2 1.76066e-06 494.69 2.4753e-06 693.066 cn ac
0.0133555 0.0188476 3572.99 182965 12.8026 5.34751e-05 21531.4 8.0114e-07 225.582 1.13458e-06 316.72 cn ac
0.0047864 0.00581768 10296.1 667644 18.6612 5.68767e-05 20693.7 3.22353e-07 86.9358 3.8664e-07 106.738 sn vit
0.00367264 0.00524558 7247.51 433313 46.7311 5.53101e-05 21041 2.40086e-07 56.72 3.42254e-07 81.0494 sn ac
0.00278461 0.00374236 8129.43 494613 57.1827 5.57105e-05 20942.3 1.72993e-07 45.9832 2.3256e-07 61.6081 cn ac
0.00718221 0.00891956 6308.67 409972 13.1589 5.66244e-05 20713.4 4.50972e-07 135.993 5.53095e-07 170.964 sn vit
0.00621695 0.00789232 13183.6 919089 15.0617 5.83198e-05 20288.6 3.71722e-07 123.178 4.62331e-07 158.958 cn vit
0.00581633 0.0078875 8545.22 527705 21.0108 5.56938e-05 20863.3 3.62679e-07 97.6482 4.95806e-07 131.073 cn vit
0.0252468 0.0357362 1179.29 58697.2 6.65456 5.58191e-05 21434 1.48658e-06 434.174 2.09924e-06 615.101 cn ac
0.0222991 0.0327948 1693.27 81201.3 7.87389 5.61787e-05 21642.1 1.33281e-06 377.945 1.95915e-06 554.885 cn ac
0.0245653 0.0360192 2154.06 96202 7.05662 5.44517e-05 21808.9 1.50939e-06 404.285 2.22299e-06 589.103 cn ac
0.00221577 0.0030169 10170.5 627493 52.59 5.55575e-05 20957.1 1.35941e-07 37.7971 1.85318e-07 51.2519 sn vit
0.00172717 0.00238052 11219.9 690999 90.1296 5.58445e-05 20949.4 1.05639e-07 28.9132 1.45403e-07 39.7882 sn ac
0.0119962 0.0154401 9473.02 654068 11.2999 5.78792e-05 20698.7 6.73567e-07 250.996 8.4971e-07 327.483 sn vit
0.00716309 0.00977937 4715.35 322455 25.315 5.74463e-05 20642 4.06117e-07 130.464 5.61784e-07 177.108 cn ac
0.00505454 0.00649385 12020.5 856576 19.8797 5.77238e-05 20421.9 2.8356e-07 98.9702 3.58468e-07 128.463 cn vit
0.0049105 0.00627058 13976 1.0045e+06 18.2957 5.77406e-05 20430.9 2.83432e-07 100.35 3.55809e-07 129.601 cn vit
0.00218152 0.00281633 14063.1 928845 50.2981 5.74362e-05 20564.2 1.4613e-07 35.6186 1.90659e-07 45.7735 sn vit
0.00419744 0.00519918 24852.6 1.83927e+06 23.3119 5.90966e-05 20450.1 2.47596e-07 91.033 3.00632e-07 114.682 sn vit
0.00140109 0.00178618 18270.1 1.26322e+06 76.757 5.79669e-05 20420.3 9.27088e-08 25.3508 1.22241e-07 32.0514 sn vit
0.00339938 0.00510349 19034.2 1.27616e+06 32.7798 5.79754e-05 20531 2.19104e-07 68.7113 2.83422e-07 92.5042 sn vit
0.00211138 0.00276564 29354.9 2.07847e+06 54.3758 5.82998e-05 20563.4 1.06812e-07 50.3891 1.36192e-07 67.1638 sn vit
0.00128818 0.00156699 28233.3 2.04684e+06 64.2761 5.85722e-05 20362.2 8.07552e-08 24.8237 9.83341e-08 30.3216 sn vit
0.00307278 0.00405284 22212.9 1.52478e+06 35.2997 5.74639e-05 20599 1.66035e-07 69.2313 2.14058e-07 92.8259 sn vit
0.00666601 0.00918786 18379.4 1.30256e+06 14.9093 5.79816e-05 20394.9 4.01662e-07 132.72 5.0618e-07 173.723 cn vit
0.00378716 0.00471942 9403.95 594922 27.87 5.59209e-05 20774.9 2.28934e-07 66.3659 2.85396e-07 82.5978 sn vit
0.00250562 0.00342588 10087.8 623066 58.3519 5.57414e-05 20908.4 1.53323e-07 42.356 2.10316e-07 57.6491 sn ac
0.0050325 0.00662668 4975.86 300407 20.8059 5.58354e-05 21097.6 3.18467e-07 86.4013 4.17594e-07 113.985 sn vit
0.0100598 0.0130277 5035.75 324347 9.62306 5.61736e-05 20889.8 6.04894e-07 197.656 7.66729e-07 260.467 sn vit
0.023618 0.0299258 6113.28 421840 5.27176 5.61671e-05 20617.5 1.32588e-06 478.349 1.65988e-06 612.036 sn vit
0.0303633 0.0381637 5057.61 347282 5.14936 6.17719e-05 20865.5 1.87552e-06 637.607 2.33665e-06 807.242 sn vit
0.0187988 0.0246292 4119.8 307493 8.18546 6.23139e-05 20111.3 1.14976e-06 348.812 1.50342e-06 453.626 cn vit
0.016348 0.0216796 10489.5 649409 7.4579 5.95109e-05 21622.8 1.00491e-06 361.59 1.29888e-06 485.731 cn vit
0.00655542 0.00838396 10484.5 559622 12.8111 5.60375e-05 22413.5 4.2538e-07 139.342 5.35166e-07 180.669 sn vit
0.00212036 0.00276984 10686.7 615675 66.5928 5.69865e-05 22029.5 1.0611e-07 43.3945 1.39553e-07 56.2601 cn ac
0.00185067 0.00227654 14760.7 830950 51.7246 5.65575e-05 22274.8 1.12237e-07 38.9287 1.37575e-07 47.7365 sn vit
0.00132603 0.00171377 18630.2 926926 113.122 5.46816e-05 22699.9 6.59008e-08 27.3294 8.57369e-08 35.0809 cn ac
0.00102736 0.00140295 12046.9 588890 149.225 5.41403e-05 22784.8 5.4171e-08 19.6276 7.38141e-08 26.8567 sn ac
0.00433039 0.00644304 20733.6 1.04053e+06 21.1454 5.56023e-05 22612.6 2.42977e-07 93.2644 3.08618e-07 123.393 cn vit
0.0070015 0.0083575 10392.9 763715 13.972 6.2431e-05 21126.9 5.135e-07 147.141 6.04009e-07 176.87 sn vit
0.00248022 0.0030005 15326.4 927387 30.6728 5.76182e-05 22134.6 1.65413e-07 51.4252 1.9817e-07 62.7144 sn vit
0.00270877 0.00348492 19560.6 1.04769e+06 41.7532 5.52307e-05 22568.1 1.35581e-07 56.988 1.71421e-07 74.3209 cn vit
0.000809317 0.00103521 23708.7 1.20736e+06 141.569 5.48556e-05 22748.6 4.20434e-08 16.2003 5.40916e-08 20.5438 sn vit
0.000612876 0.00082374 23208 1.12995e+06 254.539 5.45656e-05 22731.7 3.28029e-08 11.5795 4.39729e-08 15.603 sn ac
0.0015476 0.00199075 29189.4 1.42397e+06 74.9649 5.38359e-05 22735.3 8.3158e-08 31.4682 1.05651e-07 40.4771 cn vit
0.0013128 0.00161538 22963.3 1.07667e+06 74.8855 5.39063e-05 22795.7 7.51944e-08 24.1229 9.2137e-08 29.6738 sn vit
0.000484629 0.000653064 31103.5 1.48683e+06 315.6 5.32724e-05 22847.3 2.53396e-08 9.38274 3.41288e-08 12.6407 sn ac
0.000202506 0.00029101 35525.1 1.75175e+06 690.783 5.34461e-05 22836.2 1.0644e-08 3.87542 1.53844e-08 5.53425 sn ac
0.000981871 0.00126956 36421.8 1.84171e+06 140.525 5.34008e-05 22775.4 4.93069e-08 20.0388 6.38579e-08 25.8333 cn ac
0.000734335 0.00100608 25253.4 1.1363e+06 208.515 5.32009e-05 22961.5 4.07166e-08 13.458 5.58846e-08 18.4091 sn ac
0.000771613 0.00101066 28703.6 1.33458e+06 228.465 5.25681e-05 23039.6 3.97372e-08 15.1675 5.19792e-08 19.8663 sn ac
0.0025402 0.00333534 23494.9 1.07208e+06 45.827 5.30682e-05 22986.9 1.30031e-07 51.9329 1.67932e-07 69.2129 cn vit
0.00416299 0.005323 22225.5 1.02555e+06 22.2206 5.4061e-05 22935.7 2.90074e-07 87.4063 3.73925e-07 112.072 sn vit
0.00599798 0.00820554 7357.53 390936 21.2786 5.32351e-05 22515 3.18024e-07 118.084 4.29789e-07 162.999 sn vit
0.0061663 0.00863133 5867.16 294176 24.1396 5.16183e-05 22878.3 3.39651e-07 114.411 4.74217e-07 160.409 cn ac
0.00720842 0.0100272 8871.83 454286 19.4832 5.23743e-05 22707.8 3.67557e-07 145.039 5.09159e-07 202.386 cn vit
0.00745281 0.0099781 6117.26 310137 20.2513 5.14256e-05 22891 3.9116e-07 145.428 5.22573e-07 195.204 cn ac
0.0135441 0.0191691 1813.77 115379 12.4408 5.56104e-05 21531.2 6.88035e-07 271.878 9.7543e-07 383.773 sn ac
0.0114663 0.0149244 6859.51 440610 8.63311 5.72724e-05 21912.9 7.16176e-07 238.178 9.05561e-07 314.56 cn vit
0.0199959 0.0280182 2146.73 128605 8.47919 5.29639e-05 22090.6 1.043e-06 392.908 1.45056e-06 554.749 cn ac
0.0146583 0.0190932 2052.87 132977 8.72687 5.4164e-05 21650.3 8.06813e-07 277.548 1.04375e-06 362.83 sn vit
0.00220013 0.00282439 35544.7 1.85974e+06 43.2823 5.39891e-05 22675 1.34014e-07 47.6093 1.68974e-07 61.7069 cn vit
0.0243206 0.0309161 4666.36 283887 5.55594 5.11032e-05 22129.9 1.31293e-06 505.3 1.64391e-06 648.135 sn vit
0.0159022 0.0224693 2823.75 131184 10.9654 4.73024e-05 23172.8 9.29854e-07 274.361 1.31432e-06 387.002 cn ac
0.00608759 0.00754959 12270.7 546275 15.1292 4.82478e-05 23383.1 3.20962e-07 125.768 3.93733e-07 156.966 cn vit
0.0132455 0.0167773 2980.77 153440 7.54606 4.94938e-05 22790.2 7.44328e-07 264.952 9.30524e-07 339.722 sn vit
0.00664282 0.00926072 11211.4 475765 19.5272 4.6973e-05 23629.9 3.89662e-07 116.425 5.43937e-07 161.469 sn vit
0.00325881 0.00475718 7253.6 313935 44.3165 4.69358e-05 23767.2 1.9401e-07 56.1695 2.85956e-07 81.0278 sn ac
0.00387627 0.00480982 15849.5 672305 28.1681 4.76111e-05 23488.6 2.26153e-07 71.2972 2.80449e-07 88.1709 sn vit
0.00589773 0.00720264 7322.52 485624 22.1273 5.38271e-05 21522.2 3.18126e-07 114.41 3.86908e-07 140.042 cn vit
0.00858089 0.0106171 14374.9 821524 13.0239 5.23443e-05 22254 4.64063e-07 184.775 5.6669e-07 230.666 cn vit
0.00132461 0.00180186 15454.9 749886 65.363 5.05421e-05 22789.1 7.32112e-08 27.5241 9.89031e-08 37.6171 sn vit
0.00305483 0.00372083 21060.1 1.18732e+06 29.2558 5.12159e-05 22410.7 1.68894e-07 62.2441 2.04073e-07 76.1682 sn vit
0.0029492 0.00363105 21558.5 1.09704e+06 30.6589 5.03812e-05 22698.8 1.66357e-07 59.2289 2.02443e-07 73.4243 sn vit
0.00411817 0.00554853 12927.4 603686 32.3983 4.91929e-05 22959.8 2.40515e-07 72.3203 3.24138e-07 97.1245 cn vit
0.00425944 0.00547551 20394.1 985735 22.383 5.02182e-05 22875.4 2.25778e-07 88.0425 2.85293e-07 114.55 cn vit
0.00200606 0.00279656 24189.7 1.10196e+06 81.3701 4.98839e-05 22953.5 1.13236e-07 36.0276 1.58215e-07 50.0041 cn ac
0.00213466 0.0028149 35294.2 1.92352e+06 57.0919 5.17808e-05 22352.5 1.00716e-07 52.2673 1.30694e-07 69.8183 sn vit
0.000632504 0.000780399 38564.6 2.05392e+06 203.125 5.21312e-05 22399.6 2.74727e-08 15.3032 3.39099e-08 18.8778 sn atre
0.000846663 0.00109215 34066 1.67899e+06 177.895 5.11158e-05 22676.3 4.72492e-08 15.7914 6.07252e-08 20.4581 cn ac
0.00136077 0.00189046 30854 1.55066e+06 123.368 5.10751e-05 22581.6 7.18422e-08 26.0774 9.99982e-08 36.1155 cn ac
0.00385883 0.00499612 30424.5 1.4382e+06 26.8833 5.00175e-05 23043.1 2.12414e-07 84.3567 2.68189e-07 111.072 sn vit
0.00215516 0.00394424 20777.4 949858 69.2628 4.90566e-05 23100.2 1.25444e-07 37.4327 1.80342e-07 53.4636 cn ac
0.0023874 0.00298167 21291.3 962756 37.8834 4.9473e-05 23171.5 1.44172e-07 46.4851 1.77877e-07 58.6856 sn vit
0.00123165 0.00162763 21295.1 911219 90.2941 4.8095e-05 23466.9 6.93988e-08 25.4176 9.05568e-08 33.9993 sn vit
0.00407705 0.00588788 18810.3 782348 39.9074 4.71764e-05 23595.8 2.42209e-07 69.4178 3.51547e-07 99.5391 cn ac
0.0025036 0.00329285 18870.7 784515 49.0961 4.75952e-05 23580.9 1.538e-07 41.9692 2.02666e-07 54.9075 sn vit
0.00112086 0.00144441 15950.7 615411 92.1376 4.62635e-05 24024.7 6.37978e-08 21.2298 8.30125e-08 26.9512 sn vit
0.00317049 0.00407737 16266.5 671432 41.3512 4.80205e-05 23611.3 1.91087e-07 54.2698 2.45859e-07 69.6043 sn vit
0.00249245 0.00307483 14931.4 594010 43.1373 4.64498e-05 23933.7 1.46522e-07 44.727 1.80661e-07 55.091 sn vit
0.00264442 0.00328641 11207.6 438475 40.0315 4.59992e-05 24123.5 1.53677e-07 48.2681 1.91425e-07 59.7217 sn vit
0.00966159 0.0117619 5537.86 317985 9.70555 5.01852e-05 22310.4 5.56403e-07 179.654 6.76289e-07 218.535 sn vit
0.024811 0.0355924 2292.85 92214.7 7.00879 4.65001e-05 23191.7 1.42411e-06 435.584 2.04819e-06 622.432 cn ac
0.0176092 0.0229364 8514.69 530994 6.3294 5.47407e-05 21834.1 1.2119e-06 346.626 1.56684e-06 454.676 cn vit
0.00823314 0.0104458 5170.78 280969 13.1097 5.10434e-05 22648.2 4.81284e-07 160.683 6.13496e-07 202.534 sn vit
0.00606262 0.00820632 5941.84 291719 24.4825 4.86567e-05 23148.7 3.79223e-07 99.0642 5.14727e-07 133.538 cn ac
0.00496661 0.006438 32279.9 1.80933e+06 21.9871 5.13846e-05 22326.7 2.50908e-07 112.111 3.1868e-07 147.275 cn vit
0.020605 0.0264527 2276.73 131216 6.845 2.64997e-05 39749.9 5.74185e-07 750.385 7.36469e-07 963.511 cn vit
0.016176 0.0207784 3816.66 264434 8.50749 2.81259e-05 38499.6 4.37852e-07 622.629 5.57969e-07 803.75 cn vit
0.0177484 0.0220736 3184.79 246690 5.57337 2.95412e-05 38418.3 5.3482e-07 673.371 6.53978e-07 844.936 cn vit
0.00752134 0.0101905 2893.87 181067 18.2191 2.7218e-05 39416.5 2.13817e-07 267.022 2.90222e-07 360.742 cn ac
0.00539895 0.00655642 5177.89 418370 13.8998 3.00215e-05 38632.3 1.7249e-07 206.851 2.09856e-07 251.531 sn vit
0.0120345 0.0152292 7358.65 610738 9.43575 3.06065e-05 38993.7 4.02549e-07 483.74 5.02458e-07 617.939 cn vit
0.00693226 0.00906887 8341.34 704908 13.0401 3.00024e-05 38901.9 2.20185e-07 284.166 2.85735e-07 374.408 cn vit
0.00733358 0.00927071 6140.44 500101 15.2403 2.93564e-05 38893.9 2.00836e-07 286.78 2.55837e-07 363.063 cn vit
0.00391699 0.00489939 9827.59 865837 20.8106 3.00324e-05 38744.5 1.33812e-07 150.507 1.68619e-07 188.352 sn vit
0.00405681 0.00532687 7697 582006 32.8148 2.82705e-05 39259.9 1.09563e-07 154.759 1.43122e-07 203.771 cn ac
0.00293076 0.00393829 9083.15 691416 40.253 2.8535e-05 39468.9 8.28694e-08 108.168 1.10941e-07 145.224 cn ac
0.00202834 0.00280517 9441.02 755676 66.4061 2.92321e-05 38976 5.93889e-08 71.2659 8.34755e-08 98.3479 cn ac
0.00559377 0.00738037 8544.96 715972 18.5971 2.93091e-05 39399.8 1.61865e-07 240.052 2.10096e-07 320.893 sn vit
0.000867951 0.00111333 5615.91 482355 144.378 2.96993e-05 38811.8 2.82178e-08 31.8599 3.47382e-08 41.801 sn vit
0.0113959 0.0141271 9574.57 895191 10.8148 3.08387e-05 38510.9 3.67803e-07 456.598 4.50529e-07 571.359 cn vit
0.00382451 0.00477957 13390.2 1.22957e+06 23.745 3.02035e-05 39229.4 1.16249e-07 159.453 1.43191e-07 200.74 cn vit
0.00157727 0.00216514 10062.3 868154 73.3722 2.9574e-05 39047 3.86826e-08 67.9243 5.22487e-08 94.3723 sn vit
0.00136817 0.0017739 13462.4 1.19559e+06 95.0572 2.96048e-05 38905.8 3.78163e-08 50.4241 4.91143e-08 65.2022 cn ac
0.00312432 0.00394831 21633.2 1.93294e+06 29.0234 2.98746e-05 38848 9.67945e-08 129.679 1.19557e-07 166.291 sn vit
0.00144605 0.00202802 12928 1.07555e+06 96.6308 2.93911e-05 38893.5 3.892e-08 54.7108 5.47423e-08 76.352 cn ac
0.00386863 0.00509449 13740.5 1.16522e+06 26.3284 2.92637e-05 39336.6 1.06451e-07 173.274 1.3796e-07 230.289 sn vit
0.00159862 0.00209968 12480.4 1.02905e+06 85.0526 2.91922e-05 39034.8 4.33331e-08 60.3751 5.69224e-08 79.3142 cn ac
0.00256244 0.00449046 9944.69 786450 57.5998 2.89059e-05 39221.7 6.84946e-08 97.9005 9.24117e-08 132.265 cn ac
0.00440028 0.00548698 11940.4 1.01052e+06 19.472 2.95815e-05 39036.4 1.27894e-07 183.859 1.57708e-07 231.158 cn vit
0.00158033 0.00205496 8044.85 610137 73.3674 2.83972e-05 39500.8 4.02676e-08 64.0491 5.22412e-08 83.2538 sn ac
0.00375741 0.00477947 8616.52 672358 28.1796 2.86491e-05 39384.1 1.17421e-07 146.771 1.47612e-07 188.323 sn vit
0.00841149 0.0108105 8685.19 709224 11.2395 2.9857e-05 38845.6 2.50046e-07 350.246 3.17614e-07 454.046 cn vit
0.00738062 0.00942769 9225.36 755299 11.5813 2.98785e-05 38980.4 2.44865e-07 293.493 3.10356e-07 377.536 sn vit
0.00925127 0.011901 4582.24 343386 11.8719 2.90556e-05 38313 2.56294e-07 345.486 3.27295e-07 446.381 cn vit
0.00978867 0.0128042 6200.01 501993 10.3054 3.00048e-05 38684.5 3.00289e-07 404.771 3.87154e-07 535.941 sn vit
0.00719556 0.00958745 3163.49 215921 13.7037 2.77322e-05 39157.4 2.03931e-07 265.823 2.68553e-07 358.414 sn vit
0.0156694 0.0214704 1905.95 117019 9.50467 2.73593e-05 39072.2 4.38325e-07 565.14 6.01853e-07 772.198 sn ac
0.0196847 0.0255271 5175.16 402591 6.04084 2.9871e-05 38574.1 5.80805e-07 809.851 7.38922e-07 1060.77 cn vit
0.0172903 0.0220732 3159.89 218006 7.7404 2.60774e-05 41778.6 4.57023e-07 687.281 5.74545e-07 886.328 sn vit
0.0066645 0.00835293 4467.23 255361 19.2844 2.6e-05 43011.8 1.97606e-07 266.752 2.44491e-07 337.357 sn vit
0.00906267 0.0118026 5110.37 351525 11.4185 2.73037e-05 41725.1 2.8264e-07 352.304 3.69227e-07 461.498 sn vit
0.00860466 0.0111816 8956.61 519467 10.2351 2.7337e-05 42705.6 2.79454e-07 350.285 3.55366e-07 463.631 sn vit
0.0143322 0.0177761 1348.49 100235 6.87833 2.84176e-05 40013.7 4.35305e-07 522.143 5.36606e-07 646.691 sn vit
0.00641828 0.00792866 2783.43 149707 16.7396 2.47476e-05 43616.1 1.78913e-07 247.275 2.20311e-07 305.167 sn vit
0.00512812 0.00671644 3910.05 233453 22.6563 2.48084e-05 43390 1.39192e-07 196.912 1.80686e-07 259.19 sn vit
0.00452981 0.00626655 8198.08 467945 31.8724 2.60744e-05 43457.5 1.24681e-07 173.065 1.70711e-07 240.172 cn ac
0.00515955 0.00663948 13336.4 718864 15.8405 2.70087e-05 43204.8 1.71254e-07 205.207 2.20059e-07 265.909 sn vit
0.00238273 0.00335165 9150.65 507606 58.2216 2.5992e-05 43907.7 8.31416e-08 87.1847 1.15504e-07 124.289 sn vit
0.00371247 0.00472013 23202.6 1.23249e+06 24.0984 2.57492e-05 44544.3 1.08783e-07 156.162 1.33739e-07 201.53 cn vit
0.00201945 0.0025688 25818.6 1.43893e+06 54.7154 2.58085e-05 44296.5 5.06192e-08 83.322 6.4084e-08 106.456 cn vit
0.00068768 0.000867649 26745.1 1.40177e+06 216.035 2.55019e-05 44808.3 1.89229e-08 25.139 2.39248e-08 31.6273 sn ac
0.00186431 0.00229549 29579.3 1.77441e+06 58.2246 2.62999e-05 43788.9 4.97626e-08 76.1001 6.05855e-08 94.4583 sn vit
0.000998045 0.00126971 31108.8 1.90746e+06 125.055 2.65657e-05 43458.3 2.75461e-08 36.7418 3.51023e-08 46.6563 sn ac
0.0023569 0.00298356 34758.7 2.20923e+06 38.8223 2.7259e-05 42970.1 7.16878e-08 97.5215 9.19233e-08 123.369 cn vit
0.00323804 0.00417494 25895.2 1.68003e+06 29.0245 2.79415e-05 42244.7 1.02176e-07 135.463 1.28249e-07 177.814 sn vit
0.00179242 0.0023459 15114.5 904962 81.339 2.71347e-05 42640.1 5.16017e-08 63.1548 6.72652e-08 83.0217 cn ac
0.00275627 0.00359128 19002.4 1.17684e+06 40.1159 2.69973e-05 42601.6 6.99531e-08 114.407 9.03647e-08 149.99 cn vit
0.00168764 0.00232494 12908.7 751712 83.1416 2.71917e-05 42586.4 4.79306e-08 60.7462 6.59908e-08 83.8407 cn ac
0.000872596 0.00116465 13345 779908 131.807 2.72635e-05 42566.8 2.42808e-08 32.4338 3.27538e-08 42.7036 sn vit
0.00259113 0.00347735 11775.4 695254 56.1884 2.7354e-05 42374.1 7.33864e-08 93.0213 9.85415e-08 124.76 cn ac
0.00318389 0.00419119 9321.52 532762 47.2567 2.68641e-05 42769 9.01164e-08 114.131 1.18604e-07 150.347 cn ac
0.00456978 0.00568237 15239.1 960801 17.8024 2.80951e-05 42006.7 1.42037e-07 182.513 1.74949e-07 228.961 cn vit
0.00526349 0.00670077 10470.8 617106 17.1492 2.74238e-05 42559.3 1.4815e-07 214.49 1.86938e-07 274.334 cn vit
0.0036419 0.00498901 5460.68 298942 41.6741 2.46052e-05 43870.8 1.07479e-07 124.041 1.47738e-07 169.306 sn ac
0.00276732 0.00359441 5875.32 307012 49.9293 2.46319e-05 44079.3 8.94028e-08 101.334 1.15076e-07 132.994 sn vit
0.00978225 0.0123167 9030.03 615345 9.01197 2.84263e-05 41163.6 3.26576e-07 381.603 4.02478e-07 487.408 cn vit
0.0126871 0.0161862 3602.78 278709 8.35248 2.75416e-05 40106.2 3.4427e-07 488.321 4.37246e-07 624.469 cn vit
0.0105994 0.0132695 7319.38 493680 8.34753 2.81829e-05 41220.7 3.52942e-07 406.906 4.35279e-07 513.979 sn vit
0.015024 0.0199129 4126.02 301106 6.56334 2.88993e-05 39993.2 4.87263e-07 584.182 6.36122e-07 780.219 sn vit
0.0218742 0.0274948 4468.57 333923 5.19895 3.06602e-05 39197.7 7.26363e-07 844.801 8.94657e-07 1077.43 sn vit
0.0254485 0.044553 2107.1 181739 4.97075 3.3681e-05 37471.3 8.24515e-07 1012.56 1.40134e-06 1693.04 sn vit
0.00202334 0.00250689 26284.7 1.62621e+06 41.8464 2.67838e-05 43229.9 6.62263e-08 80.0036 8.07497e-08 100.345 sn vit
0.0284171 0.0352919 880.161 59029.6 5.59316 2.95677e-05 36707.6 8.18785e-07 1031.12 1.01598e-06 1278.51 sn vit
0.0224639 0.0288825 2156.47 158909 7.07036 2.976e-05 35829.7 6.45417e-07 805.775 8.27679e-07 1038.08 cn vit
0.0120975 0.0158453 2846.49 235111 8.66653 3.18434e-05 35532.5 3.70329e-07 435.562 4.8178e-07 571.28 sn vit
0.0121578 0.0155887 3939.43 401129 8.1305 3.41871e-05 36311.6 4.42489e-07 477.921 5.60329e-07 617.107 sn vit
0.0280548 0.0346066 1402.82 146784 4.53918 3.70998e-05 35377.7 1.01037e-06 1050.74 1.24592e-06 1298.78 sn vit
0.0388832 0.0512134 1036.05 50889.4 4.56837 2.66986e-05 38730.7 1.05963e-06 1450.76 1.39932e-06 1904.35 sn ac
0.0183074 0.0238573 3097.83 251261 6.4328 3.03822e-05 38902.5 5.41177e-07 771.794 6.93218e-07 1017.32 sn vit
0.00951357 0.012059 7259.71 666066 10.4597 3.24422e-05 38118 2.97465e-07 400.125 3.77298e-07 509.139 cn vit
0.00677638 0.00913751 4595.66 370553 20.6562 2.94361e-05 38879.9 1.81613e-07 256.965 2.43886e-07 347.932 cn ac
0.00833871 0.0105544 4680.66 384243 16.3286 2.97994e-05 37776.5 2.62697e-07 295.318 3.30726e-07 376.025 cn vit
0.00528826 0.00684078 8587.82 816635 16.8331 3.17468e-05 37964.5 1.68676e-07 217.245 2.14034e-07 284.66 sn vit
0.00423696 0.00550095 9152.47 801392 22.6896 3.02741e-05 38966.1 1.10114e-07 175.039 1.40733e-07 229.013 cn vit
0.00378057 0.00487707 10424.5 944660 30.1782 3.0614e-05 38597.8 1.11513e-07 161.189 1.39563e-07 212.482 sn vit
0.0028613 0.00389735 10719.2 835721 50.2707 2.96081e-05 39824.7 7.7114e-08 110.107 1.04501e-07 150.078 cn ac
0.00480268 0.00620058 11005.2 828600 19.2431 2.96437e-05 40014 1.32016e-07 199.806 1.67191e-07 260.657 cn vit
0.00741353 0.00942439 10673.8 977520 15.6601 3.09672e-05 38848.2 2.22593e-07 315.058 2.78435e-07 405.044 cn vit
0.00576251 0.00676307 5834.62 510956 18.3959 2.99371e-05 38644 1.841e-07 223.304 2.11954e-07 264.871 sn vit
0.00442292 0.00562308 12458.4 1.15513e+06 22.3697 3.08943e-05 38774.1 1.32569e-07 185.261 1.64313e-07 238.452 cn vit
0.000939072 0.00121116 17904.8 1.47995e+06 120.736 2.93068e-05 39984.1 2.39344e-08 37.8604 3.07904e-08 48.8613 sn vit
0.00101813 0.00141068 13455.7 1.08081e+06 153.706 2.94805e-05 39762.4 2.10743e-08 53.2228 2.86592e-08 74.2135 sn vit
0.000827937 0.00108007 13917.8 1.02777e+06 148.288 2.88959e-05 40290.9 2.16484e-08 32.1743 2.83409e-08 41.7263 sn ac
0.00234711 0.00302834 20466.3 1.66264e+06 37.6587 2.90301e-05 40037.3 7.11752e-08 98.277 9.10001e-08 128.145 sn vit
0.0033835 0.00426779 28022.3 2.1558e+06 31.4163 2.86666e-05 40679.3 9.79961e-08 146.288 1.21122e-07 186.714 sn vit
0.00190461 0.00239735 21003.5 1.72127e+06 46.8946 2.90372e-05 40096.2 5.23714e-08 79.8008 6.50804e-08 100.84 cn vit
0.00105107 0.00142832 22435 1.63394e+06 129.895 2.81279e-05 40820.9 2.6932e-08 41.4977 3.65714e-08 56.3692 cn ac
0.00100693 0.00132853 19258.8 1.45565e+06 139.634 2.84867e-05 40386.7 2.60585e-08 39.4354 3.42541e-08 52.2657 cn ac
0.00196887 0.00256906 13533.3 954740 66.9635 2.85909e-05 40739.1 5.23562e-08 75.245 6.81417e-08 98.38 cn ac
0.00769029 0.0104047 12183.1 804818 13.8911 2.90642e-05 41044.9 2.08728e-07 339.474 2.78201e-07 465.007 cn vit
0.00494336 0.00636402 6030.04 520015 23.485 3.07993e-05 38322.8 1.34782e-07 187.812 1.73012e-07 241.951 sn vit
0.00645979 0.00870777 2981.37 264047 18.6415 3.04827e-05 37550 1.70885e-07 281.404 2.24122e-07 383.994 sn vit
0.00776813 0.0102577 3912.6 331431 17.3142 3.03809e-05 37063.7 2.10242e-07 291.631 2.77104e-07 385.269 cn ac
0.0136902 0.0177258 2329.23 187889 10.2769 2.89258e-05 39039.9 3.51279e-07 541.513 4.54269e-07 702.027 cn ac
0.0068073 0.0091451 2542.68 221055 18.8085 3.06602e-05 36874.8 1.85864e-07 255.158 2.5168e-07 340.457 sn vit
0.00289312 0.00374699 3067.27 269498 39.4574 3.08815e-05 36729.1 8.28679e-08 102.758 1.06922e-07 133.326 sn ac
0.00920956 0.012047 3615.9 308049 14.4641 3.00189e-05 37315 2.49945e-07 347.237 3.25623e-07 455.611 cn atre
0.0248753 0.0320985 683.854 37982.6 5.93081 2.71702e-05 39400.7 6.69506e-07 949.787 8.59893e-07 1228.36 sn ac
0.000451154 0.00054835 16548.4 1.28629e+06 250 2.88602e-05 40021.3 1.20386e-08 17.5422 1.46214e-08 21.2402 sn vit
